10000
999995
999895
999795
999695
999595
999495
999395
999295
999195
999095
998995
998895
998795
998695
998595
998495
998395
998295
998195
998095
997995
997895
997795
997695
997595
997495
997395
997295
997195
997095
996995
996895
996795
996695
996595
996495
996395
996295
996195
996095
995995
995895
995795
995695
995595
995495
995395
995295
995195
995095
994995
994895
994795
994695
994595
994495
994395
994295
994195
994095
993995
993895
993795
993695
993595
993495
993395
993295
993195
993095
992995
992895
992795
992695
992595
992495
992395
992295
992195
992095
991995
991895
991795
991695
991595
991495
991395
991295
991195
991095
990995
990895
990795
990695
990595
990495
990395
990295
990195
990095
989995
989895
989795
989695
989595
989495
989395
989295
989195
989095
988995
988895
988795
988695
988595
988495
988395
988295
988195
988095
987995
987895
987795
987695
987595
987495
987395
987295
987195
987095
986995
986895
986795
986695
986595
986495
986395
986295
986195
986095
985995
985895
985795
985695
985595
985495
985395
985295
985195
985095
984995
984895
984795
984695
984595
984495
984395
984295
984195
984095
983995
983895
983795
983695
983595
983495
983395
983295
983195
983095
982995
982895
982795
982695
982595
982495
982395
982295
982195
982095
981995
981895
981795
981695
981595
981495
981395
981295
981195
981095
980995
980895
980795
980695
980595
980495
980395
980295
980195
980095
979995
979895
979795
979695
979595
979495
979395
979295
979195
979095
978995
978895
978795
978695
978595
978495
978395
978295
978195
978095
977995
977895
977795
977695
977595
977495
977395
977295
977195
977095
976995
976895
976795
976695
976595
976495
976395
976295
976195
976095
975995
975895
975795
975695
975595
975495
975395
975295
975195
975095
974995
974895
974795
974695
974595
974495
974395
974295
974195
974095
973995
973895
973795
973695
973595
973495
973395
973295
973195
973095
972995
972895
972795
972695
972595
972495
972395
972295
972195
972095
971995
971895
971795
971695
971595
971495
971395
971295
971195
971095
970995
970895
970795
970695
970595
970495
970395
970295
970195
970095
969995
969895
969795
969695
969595
969495
969395
969295
969195
969095
968995
968895
968795
968695
968595
968495
968395
968295
968195
968095
967995
967895
967795
967695
967595
967495
967395
967295
967195
967095
966995
966895
966795
966695
966595
966495
966395
966295
966195
966095
965995
965895
965795
965695
965595
965495
965395
965295
965195
965095
964995
964895
964795
964695
964595
964495
964395
964295
964195
964095
963995
963895
963795
963695
963595
963495
963395
963295
963195
963095
962995
962895
962795
962695
962595
962495
962395
962295
962195
962095
961995
961895
961795
961695
961595
961495
961395
961295
961195
961095
960995
960895
960795
960695
960595
960495
960395
960295
960195
960095
959995
959895
959795
959695
959595
959495
959395
959295
959195
959095
958995
958895
958795
958695
958595
958495
958395
958295
958195
958095
957995
957895
957795
957695
957595
957495
957395
957295
957195
957095
956995
956895
956795
956695
956595
956495
956395
956295
956195
956095
955995
955895
955795
955695
955595
955495
955395
955295
955195
955095
954995
954895
954795
954695
954595
954495
954395
954295
954195
954095
953995
953895
953795
953695
953595
953495
953395
953295
953195
953095
952995
952895
952795
952695
952595
952495
952395
952295
952195
952095
951995
951895
951795
951695
951595
951495
951395
951295
951195
951095
950995
950895
950795
950695
950595
950495
950395
950295
950195
950095
949995
949895
949795
949695
949595
949495
949395
949295
949195
949095
948995
948895
948795
948695
948595
948495
948395
948295
948195
948095
947995
947895
947795
947695
947595
947495
947395
947295
947195
947095
946995
946895
946795
946695
946595
946495
946395
946295
946195
946095
945995
945895
945795
945695
945595
945495
945395
945295
945195
945095
944995
944895
944795
944695
944595
944495
944395
944295
944195
944095
943995
943895
943795
943695
943595
943495
943395
943295
943195
943095
942995
942895
942795
942695
942595
942495
942395
942295
942195
942095
941995
941895
941795
941695
941595
941495
941395
941295
941195
941095
940995
940895
940795
940695
940595
940495
940395
940295
940195
940095
939995
939895
939795
939695
939595
939495
939395
939295
939195
939095
938995
938895
938795
938695
938595
938495
938395
938295
938195
938095
937995
937895
937795
937695
937595
937495
937395
937295
937195
937095
936995
936895
936795
936695
936595
936495
936395
936295
936195
936095
935995
935895
935795
935695
935595
935495
935395
935295
935195
935095
934995
934895
934795
934695
934595
934495
934395
934295
934195
934095
933995
933895
933795
933695
933595
933495
933395
933295
933195
933095
932995
932895
932795
932695
932595
932495
932395
932295
932195
932095
931995
931895
931795
931695
931595
931495
931395
931295
931195
931095
930995
930895
930795
930695
930595
930495
930395
930295
930195
930095
929995
929895
929795
929695
929595
929495
929395
929295
929195
929095
928995
928895
928795
928695
928595
928495
928395
928295
928195
928095
927995
927895
927795
927695
927595
927495
927395
927295
927195
927095
926995
926895
926795
926695
926595
926495
926395
926295
926195
926095
925995
925895
925795
925695
925595
925495
925395
925295
925195
925095
924995
924895
924795
924695
924595
924495
924395
924295
924195
924095
923995
923895
923795
923695
923595
923495
923395
923295
923195
923095
922995
922895
922795
922695
922595
922495
922395
922295
922195
922095
921995
921895
921795
921695
921595
921495
921395
921295
921195
921095
920995
920895
920795
920695
920595
920495
920395
920295
920195
920095
919995
919895
919795
919695
919595
919495
919395
919295
919195
919095
918995
918895
918795
918695
918595
918495
918395
918295
918195
918095
917995
917895
917795
917695
917595
917495
917395
917295
917195
917095
916995
916895
916795
916695
916595
916495
916395
916295
916195
916095
915995
915895
915795
915695
915595
915495
915395
915295
915195
915095
914995
914895
914795
914695
914595
914495
914395
914295
914195
914095
913995
913895
913795
913695
913595
913495
913395
913295
913195
913095
912995
912895
912795
912695
912595
912495
912395
912295
912195
912095
911995
911895
911795
911695
911595
911495
911395
911295
911195
911095
910995
910895
910795
910695
910595
910495
910395
910295
910195
910095
909995
909895
909795
909695
909595
909495
909395
909295
909195
909095
908995
908895
908795
908695
908595
908495
908395
908295
908195
908095
907995
907895
907795
907695
907595
907495
907395
907295
907195
907095
906995
906895
906795
906695
906595
906495
906395
906295
906195
906095
905995
905895
905795
905695
905595
905495
905395
905295
905195
905095
904995
904895
904795
904695
904595
904495
904395
904295
904195
904095
903995
903895
903795
903695
903595
903495
903395
903295
903195
903095
902995
902895
902795
902695
902595
902495
902395
902295
902195
902095
901995
901895
901795
901695
901595
901495
901395
901295
901195
901095
900995
900895
900795
900695
900595
900495
900395
900295
900195
900095
899995
899895
899795
899695
899595
899495
899395
899295
899195
899095
898995
898895
898795
898695
898595
898495
898395
898295
898195
898095
897995
897895
897795
897695
897595
897495
897395
897295
897195
897095
896995
896895
896795
896695
896595
896495
896395
896295
896195
896095
895995
895895
895795
895695
895595
895495
895395
895295
895195
895095
894995
894895
894795
894695
894595
894495
894395
894295
894195
894095
893995
893895
893795
893695
893595
893495
893395
893295
893195
893095
892995
892895
892795
892695
892595
892495
892395
892295
892195
892095
891995
891895
891795
891695
891595
891495
891395
891295
891195
891095
890995
890895
890795
890695
890595
890495
890395
890295
890195
890095
889995
889895
889795
889695
889595
889495
889395
889295
889195
889095
888995
888895
888795
888695
888595
888495
888395
888295
888195
888095
887995
887895
887795
887695
887595
887495
887395
887295
887195
887095
886995
886895
886795
886695
886595
886495
886395
886295
886195
886095
885995
885895
885795
885695
885595
885495
885395
885295
885195
885095
884995
884895
884795
884695
884595
884495
884395
884295
884195
884095
883995
883895
883795
883695
883595
883495
883395
883295
883195
883095
882995
882895
882795
882695
882595
882495
882395
882295
882195
882095
881995
881895
881795
881695
881595
881495
881395
881295
881195
881095
880995
880895
880795
880695
880595
880495
880395
880295
880195
880095
879995
879895
879795
879695
879595
879495
879395
879295
879195
879095
878995
878895
878795
878695
878595
878495
878395
878295
878195
878095
877995
877895
877795
877695
877595
877495
877395
877295
877195
877095
876995
876895
876795
876695
876595
876495
876395
876295
876195
876095
875995
875895
875795
875695
875595
875495
875395
875295
875195
875095
874995
874895
874795
874695
874595
874495
874395
874295
874195
874095
873995
873895
873795
873695
873595
873495
873395
873295
873195
873095
872995
872895
872795
872695
872595
872495
872395
872295
872195
872095
871995
871895
871795
871695
871595
871495
871395
871295
871195
871095
870995
870895
870795
870695
870595
870495
870395
870295
870195
870095
869995
869895
869795
869695
869595
869495
869395
869295
869195
869095
868995
868895
868795
868695
868595
868495
868395
868295
868195
868095
867995
867895
867795
867695
867595
867495
867395
867295
867195
867095
866995
866895
866795
866695
866595
866495
866395
866295
866195
866095
865995
865895
865795
865695
865595
865495
865395
865295
865195
865095
864995
864895
864795
864695
864595
864495
864395
864295
864195
864095
863995
863895
863795
863695
863595
863495
863395
863295
863195
863095
862995
862895
862795
862695
862595
862495
862395
862295
862195
862095
861995
861895
861795
861695
861595
861495
861395
861295
861195
861095
860995
860895
860795
860695
860595
860495
860395
860295
860195
860095
859995
859895
859795
859695
859595
859495
859395
859295
859195
859095
858995
858895
858795
858695
858595
858495
858395
858295
858195
858095
857995
857895
857795
857695
857595
857495
857395
857295
857195
857095
856995
856895
856795
856695
856595
856495
856395
856295
856195
856095
855995
855895
855795
855695
855595
855495
855395
855295
855195
855095
854995
854895
854795
854695
854595
854495
854395
854295
854195
854095
853995
853895
853795
853695
853595
853495
853395
853295
853195
853095
852995
852895
852795
852695
852595
852495
852395
852295
852195
852095
851995
851895
851795
851695
851595
851495
851395
851295
851195
851095
850995
850895
850795
850695
850595
850495
850395
850295
850195
850095
849995
849895
849795
849695
849595
849495
849395
849295
849195
849095
848995
848895
848795
848695
848595
848495
848395
848295
848195
848095
847995
847895
847795
847695
847595
847495
847395
847295
847195
847095
846995
846895
846795
846695
846595
846495
846395
846295
846195
846095
845995
845895
845795
845695
845595
845495
845395
845295
845195
845095
844995
844895
844795
844695
844595
844495
844395
844295
844195
844095
843995
843895
843795
843695
843595
843495
843395
843295
843195
843095
842995
842895
842795
842695
842595
842495
842395
842295
842195
842095
841995
841895
841795
841695
841595
841495
841395
841295
841195
841095
840995
840895
840795
840695
840595
840495
840395
840295
840195
840095
839995
839895
839795
839695
839595
839495
839395
839295
839195
839095
838995
838895
838795
838695
838595
838495
838395
838295
838195
838095
837995
837895
837795
837695
837595
837495
837395
837295
837195
837095
836995
836895
836795
836695
836595
836495
836395
836295
836195
836095
835995
835895
835795
835695
835595
835495
835395
835295
835195
835095
834995
834895
834795
834695
834595
834495
834395
834295
834195
834095
833995
833895
833795
833695
833595
833495
833395
833295
833195
833095
832995
832895
832795
832695
832595
832495
832395
832295
832195
832095
831995
831895
831795
831695
831595
831495
831395
831295
831195
831095
830995
830895
830795
830695
830595
830495
830395
830295
830195
830095
829995
829895
829795
829695
829595
829495
829395
829295
829195
829095
828995
828895
828795
828695
828595
828495
828395
828295
828195
828095
827995
827895
827795
827695
827595
827495
827395
827295
827195
827095
826995
826895
826795
826695
826595
826495
826395
826295
826195
826095
825995
825895
825795
825695
825595
825495
825395
825295
825195
825095
824995
824895
824795
824695
824595
824495
824395
824295
824195
824095
823995
823895
823795
823695
823595
823495
823395
823295
823195
823095
822995
822895
822795
822695
822595
822495
822395
822295
822195
822095
821995
821895
821795
821695
821595
821495
821395
821295
821195
821095
820995
820895
820795
820695
820595
820495
820395
820295
820195
820095
819995
819895
819795
819695
819595
819495
819395
819295
819195
819095
818995
818895
818795
818695
818595
818495
818395
818295
818195
818095
817995
817895
817795
817695
817595
817495
817395
817295
817195
817095
816995
816895
816795
816695
816595
816495
816395
816295
816195
816095
815995
815895
815795
815695
815595
815495
815395
815295
815195
815095
814995
814895
814795
814695
814595
814495
814395
814295
814195
814095
813995
813895
813795
813695
813595
813495
813395
813295
813195
813095
812995
812895
812795
812695
812595
812495
812395
812295
812195
812095
811995
811895
811795
811695
811595
811495
811395
811295
811195
811095
810995
810895
810795
810695
810595
810495
810395
810295
810195
810095
809995
809895
809795
809695
809595
809495
809395
809295
809195
809095
808995
808895
808795
808695
808595
808495
808395
808295
808195
808095
807995
807895
807795
807695
807595
807495
807395
807295
807195
807095
806995
806895
806795
806695
806595
806495
806395
806295
806195
806095
805995
805895
805795
805695
805595
805495
805395
805295
805195
805095
804995
804895
804795
804695
804595
804495
804395
804295
804195
804095
803995
803895
803795
803695
803595
803495
803395
803295
803195
803095
802995
802895
802795
802695
802595
802495
802395
802295
802195
802095
801995
801895
801795
801695
801595
801495
801395
801295
801195
801095
800995
800895
800795
800695
800595
800495
800395
800295
800195
800095
799995
799895
799795
799695
799595
799495
799395
799295
799195
799095
798995
798895
798795
798695
798595
798495
798395
798295
798195
798095
797995
797895
797795
797695
797595
797495
797395
797295
797195
797095
796995
796895
796795
796695
796595
796495
796395
796295
796195
796095
795995
795895
795795
795695
795595
795495
795395
795295
795195
795095
794995
794895
794795
794695
794595
794495
794395
794295
794195
794095
793995
793895
793795
793695
793595
793495
793395
793295
793195
793095
792995
792895
792795
792695
792595
792495
792395
792295
792195
792095
791995
791895
791795
791695
791595
791495
791395
791295
791195
791095
790995
790895
790795
790695
790595
790495
790395
790295
790195
790095
789995
789895
789795
789695
789595
789495
789395
789295
789195
789095
788995
788895
788795
788695
788595
788495
788395
788295
788195
788095
787995
787895
787795
787695
787595
787495
787395
787295
787195
787095
786995
786895
786795
786695
786595
786495
786395
786295
786195
786095
785995
785895
785795
785695
785595
785495
785395
785295
785195
785095
784995
784895
784795
784695
784595
784495
784395
784295
784195
784095
783995
783895
783795
783695
783595
783495
783395
783295
783195
783095
782995
782895
782795
782695
782595
782495
782395
782295
782195
782095
781995
781895
781795
781695
781595
781495
781395
781295
781195
781095
780995
780895
780795
780695
780595
780495
780395
780295
780195
780095
779995
779895
779795
779695
779595
779495
779395
779295
779195
779095
778995
778895
778795
778695
778595
778495
778395
778295
778195
778095
777995
777895
777795
777695
777595
777495
777395
777295
777195
777095
776995
776895
776795
776695
776595
776495
776395
776295
776195
776095
775995
775895
775795
775695
775595
775495
775395
775295
775195
775095
774995
774895
774795
774695
774595
774495
774395
774295
774195
774095
773995
773895
773795
773695
773595
773495
773395
773295
773195
773095
772995
772895
772795
772695
772595
772495
772395
772295
772195
772095
771995
771895
771795
771695
771595
771495
771395
771295
771195
771095
770995
770895
770795
770695
770595
770495
770395
770295
770195
770095
769995
769895
769795
769695
769595
769495
769395
769295
769195
769095
768995
768895
768795
768695
768595
768495
768395
768295
768195
768095
767995
767895
767795
767695
767595
767495
767395
767295
767195
767095
766995
766895
766795
766695
766595
766495
766395
766295
766195
766095
765995
765895
765795
765695
765595
765495
765395
765295
765195
765095
764995
764895
764795
764695
764595
764495
764395
764295
764195
764095
763995
763895
763795
763695
763595
763495
763395
763295
763195
763095
762995
762895
762795
762695
762595
762495
762395
762295
762195
762095
761995
761895
761795
761695
761595
761495
761395
761295
761195
761095
760995
760895
760795
760695
760595
760495
760395
760295
760195
760095
759995
759895
759795
759695
759595
759495
759395
759295
759195
759095
758995
758895
758795
758695
758595
758495
758395
758295
758195
758095
757995
757895
757795
757695
757595
757495
757395
757295
757195
757095
756995
756895
756795
756695
756595
756495
756395
756295
756195
756095
755995
755895
755795
755695
755595
755495
755395
755295
755195
755095
754995
754895
754795
754695
754595
754495
754395
754295
754195
754095
753995
753895
753795
753695
753595
753495
753395
753295
753195
753095
752995
752895
752795
752695
752595
752495
752395
752295
752195
752095
751995
751895
751795
751695
751595
751495
751395
751295
751195
751095
750995
750895
750795
750695
750595
750495
750395
750295
750195
750095
749995
749895
749795
749695
749595
749495
749395
749295
749195
749095
748995
748895
748795
748695
748595
748495
748395
748295
748195
748095
747995
747895
747795
747695
747595
747495
747395
747295
747195
747095
746995
746895
746795
746695
746595
746495
746395
746295
746195
746095
745995
745895
745795
745695
745595
745495
745395
745295
745195
745095
744995
744895
744795
744695
744595
744495
744395
744295
744195
744095
743995
743895
743795
743695
743595
743495
743395
743295
743195
743095
742995
742895
742795
742695
742595
742495
742395
742295
742195
742095
741995
741895
741795
741695
741595
741495
741395
741295
741195
741095
740995
740895
740795
740695
740595
740495
740395
740295
740195
740095
739995
739895
739795
739695
739595
739495
739395
739295
739195
739095
738995
738895
738795
738695
738595
738495
738395
738295
738195
738095
737995
737895
737795
737695
737595
737495
737395
737295
737195
737095
736995
736895
736795
736695
736595
736495
736395
736295
736195
736095
735995
735895
735795
735695
735595
735495
735395
735295
735195
735095
734995
734895
734795
734695
734595
734495
734395
734295
734195
734095
733995
733895
733795
733695
733595
733495
733395
733295
733195
733095
732995
732895
732795
732695
732595
732495
732395
732295
732195
732095
731995
731895
731795
731695
731595
731495
731395
731295
731195
731095
730995
730895
730795
730695
730595
730495
730395
730295
730195
730095
729995
729895
729795
729695
729595
729495
729395
729295
729195
729095
728995
728895
728795
728695
728595
728495
728395
728295
728195
728095
727995
727895
727795
727695
727595
727495
727395
727295
727195
727095
726995
726895
726795
726695
726595
726495
726395
726295
726195
726095
725995
725895
725795
725695
725595
725495
725395
725295
725195
725095
724995
724895
724795
724695
724595
724495
724395
724295
724195
724095
723995
723895
723795
723695
723595
723495
723395
723295
723195
723095
722995
722895
722795
722695
722595
722495
722395
722295
722195
722095
721995
721895
721795
721695
721595
721495
721395
721295
721195
721095
720995
720895
720795
720695
720595
720495
720395
720295
720195
720095
719995
719895
719795
719695
719595
719495
719395
719295
719195
719095
718995
718895
718795
718695
718595
718495
718395
718295
718195
718095
717995
717895
717795
717695
717595
717495
717395
717295
717195
717095
716995
716895
716795
716695
716595
716495
716395
716295
716195
716095
715995
715895
715795
715695
715595
715495
715395
715295
715195
715095
714995
714895
714795
714695
714595
714495
714395
714295
714195
714095
713995
713895
713795
713695
713595
713495
713395
713295
713195
713095
712995
712895
712795
712695
712595
712495
712395
712295
712195
712095
711995
711895
711795
711695
711595
711495
711395
711295
711195
711095
710995
710895
710795
710695
710595
710495
710395
710295
710195
710095
709995
709895
709795
709695
709595
709495
709395
709295
709195
709095
708995
708895
708795
708695
708595
708495
708395
708295
708195
708095
707995
707895
707795
707695
707595
707495
707395
707295
707195
707095
706995
706895
706795
706695
706595
706495
706395
706295
706195
706095
705995
705895
705795
705695
705595
705495
705395
705295
705195
705095
704995
704895
704795
704695
704595
704495
704395
704295
704195
704095
703995
703895
703795
703695
703595
703495
703395
703295
703195
703095
702995
702895
702795
702695
702595
702495
702395
702295
702195
702095
701995
701895
701795
701695
701595
701495
701395
701295
701195
701095
700995
700895
700795
700695
700595
700495
700395
700295
700195
700095
699995
699895
699795
699695
699595
699495
699395
699295
699195
699095
698995
698895
698795
698695
698595
698495
698395
698295
698195
698095
697995
697895
697795
697695
697595
697495
697395
697295
697195
697095
696995
696895
696795
696695
696595
696495
696395
696295
696195
696095
695995
695895
695795
695695
695595
695495
695395
695295
695195
695095
694995
694895
694795
694695
694595
694495
694395
694295
694195
694095
693995
693895
693795
693695
693595
693495
693395
693295
693195
693095
692995
692895
692795
692695
692595
692495
692395
692295
692195
692095
691995
691895
691795
691695
691595
691495
691395
691295
691195
691095
690995
690895
690795
690695
690595
690495
690395
690295
690195
690095
689995
689895
689795
689695
689595
689495
689395
689295
689195
689095
688995
688895
688795
688695
688595
688495
688395
688295
688195
688095
687995
687895
687795
687695
687595
687495
687395
687295
687195
687095
686995
686895
686795
686695
686595
686495
686395
686295
686195
686095
685995
685895
685795
685695
685595
685495
685395
685295
685195
685095
684995
684895
684795
684695
684595
684495
684395
684295
684195
684095
683995
683895
683795
683695
683595
683495
683395
683295
683195
683095
682995
682895
682795
682695
682595
682495
682395
682295
682195
682095
681995
681895
681795
681695
681595
681495
681395
681295
681195
681095
680995
680895
680795
680695
680595
680495
680395
680295
680195
680095
679995
679895
679795
679695
679595
679495
679395
679295
679195
679095
678995
678895
678795
678695
678595
678495
678395
678295
678195
678095
677995
677895
677795
677695
677595
677495
677395
677295
677195
677095
676995
676895
676795
676695
676595
676495
676395
676295
676195
676095
675995
675895
675795
675695
675595
675495
675395
675295
675195
675095
674995
674895
674795
674695
674595
674495
674395
674295
674195
674095
673995
673895
673795
673695
673595
673495
673395
673295
673195
673095
672995
672895
672795
672695
672595
672495
672395
672295
672195
672095
671995
671895
671795
671695
671595
671495
671395
671295
671195
671095
670995
670895
670795
670695
670595
670495
670395
670295
670195
670095
669995
669895
669795
669695
669595
669495
669395
669295
669195
669095
668995
668895
668795
668695
668595
668495
668395
668295
668195
668095
667995
667895
667795
667695
667595
667495
667395
667295
667195
667095
666995
666895
666795
666695
666595
666495
666395
666295
666195
666095
665995
665895
665795
665695
665595
665495
665395
665295
665195
665095
664995
664895
664795
664695
664595
664495
664395
664295
664195
664095
663995
663895
663795
663695
663595
663495
663395
663295
663195
663095
662995
662895
662795
662695
662595
662495
662395
662295
662195
662095
661995
661895
661795
661695
661595
661495
661395
661295
661195
661095
660995
660895
660795
660695
660595
660495
660395
660295
660195
660095
659995
659895
659795
659695
659595
659495
659395
659295
659195
659095
658995
658895
658795
658695
658595
658495
658395
658295
658195
658095
657995
657895
657795
657695
657595
657495
657395
657295
657195
657095
656995
656895
656795
656695
656595
656495
656395
656295
656195
656095
655995
655895
655795
655695
655595
655495
655395
655295
655195
655095
654995
654895
654795
654695
654595
654495
654395
654295
654195
654095
653995
653895
653795
653695
653595
653495
653395
653295
653195
653095
652995
652895
652795
652695
652595
652495
652395
652295
652195
652095
651995
651895
651795
651695
651595
651495
651395
651295
651195
651095
650995
650895
650795
650695
650595
650495
650395
650295
650195
650095
649995
649895
649795
649695
649595
649495
649395
649295
649195
649095
648995
648895
648795
648695
648595
648495
648395
648295
648195
648095
647995
647895
647795
647695
647595
647495
647395
647295
647195
647095
646995
646895
646795
646695
646595
646495
646395
646295
646195
646095
645995
645895
645795
645695
645595
645495
645395
645295
645195
645095
644995
644895
644795
644695
644595
644495
644395
644295
644195
644095
643995
643895
643795
643695
643595
643495
643395
643295
643195
643095
642995
642895
642795
642695
642595
642495
642395
642295
642195
642095
641995
641895
641795
641695
641595
641495
641395
641295
641195
641095
640995
640895
640795
640695
640595
640495
640395
640295
640195
640095
639995
639895
639795
639695
639595
639495
639395
639295
639195
639095
638995
638895
638795
638695
638595
638495
638395
638295
638195
638095
637995
637895
637795
637695
637595
637495
637395
637295
637195
637095
636995
636895
636795
636695
636595
636495
636395
636295
636195
636095
635995
635895
635795
635695
635595
635495
635395
635295
635195
635095
634995
634895
634795
634695
634595
634495
634395
634295
634195
634095
633995
633895
633795
633695
633595
633495
633395
633295
633195
633095
632995
632895
632795
632695
632595
632495
632395
632295
632195
632095
631995
631895
631795
631695
631595
631495
631395
631295
631195
631095
630995
630895
630795
630695
630595
630495
630395
630295
630195
630095
629995
629895
629795
629695
629595
629495
629395
629295
629195
629095
628995
628895
628795
628695
628595
628495
628395
628295
628195
628095
627995
627895
627795
627695
627595
627495
627395
627295
627195
627095
626995
626895
626795
626695
626595
626495
626395
626295
626195
626095
625995
625895
625795
625695
625595
625495
625395
625295
625195
625095
624995
624895
624795
624695
624595
624495
624395
624295
624195
624095
623995
623895
623795
623695
623595
623495
623395
623295
623195
623095
622995
622895
622795
622695
622595
622495
622395
622295
622195
622095
621995
621895
621795
621695
621595
621495
621395
621295
621195
621095
620995
620895
620795
620695
620595
620495
620395
620295
620195
620095
619995
619895
619795
619695
619595
619495
619395
619295
619195
619095
618995
618895
618795
618695
618595
618495
618395
618295
618195
618095
617995
617895
617795
617695
617595
617495
617395
617295
617195
617095
616995
616895
616795
616695
616595
616495
616395
616295
616195
616095
615995
615895
615795
615695
615595
615495
615395
615295
615195
615095
614995
614895
614795
614695
614595
614495
614395
614295
614195
614095
613995
613895
613795
613695
613595
613495
613395
613295
613195
613095
612995
612895
612795
612695
612595
612495
612395
612295
612195
612095
611995
611895
611795
611695
611595
611495
611395
611295
611195
611095
610995
610895
610795
610695
610595
610495
610395
610295
610195
610095
609995
609895
609795
609695
609595
609495
609395
609295
609195
609095
608995
608895
608795
608695
608595
608495
608395
608295
608195
608095
607995
607895
607795
607695
607595
607495
607395
607295
607195
607095
606995
606895
606795
606695
606595
606495
606395
606295
606195
606095
605995
605895
605795
605695
605595
605495
605395
605295
605195
605095
604995
604895
604795
604695
604595
604495
604395
604295
604195
604095
603995
603895
603795
603695
603595
603495
603395
603295
603195
603095
602995
602895
602795
602695
602595
602495
602395
602295
602195
602095
601995
601895
601795
601695
601595
601495
601395
601295
601195
601095
600995
600895
600795
600695
600595
600495
600395
600295
600195
600095
599995
599895
599795
599695
599595
599495
599395
599295
599195
599095
598995
598895
598795
598695
598595
598495
598395
598295
598195
598095
597995
597895
597795
597695
597595
597495
597395
597295
597195
597095
596995
596895
596795
596695
596595
596495
596395
596295
596195
596095
595995
595895
595795
595695
595595
595495
595395
595295
595195
595095
594995
594895
594795
594695
594595
594495
594395
594295
594195
594095
593995
593895
593795
593695
593595
593495
593395
593295
593195
593095
592995
592895
592795
592695
592595
592495
592395
592295
592195
592095
591995
591895
591795
591695
591595
591495
591395
591295
591195
591095
590995
590895
590795
590695
590595
590495
590395
590295
590195
590095
589995
589895
589795
589695
589595
589495
589395
589295
589195
589095
588995
588895
588795
588695
588595
588495
588395
588295
588195
588095
587995
587895
587795
587695
587595
587495
587395
587295
587195
587095
586995
586895
586795
586695
586595
586495
586395
586295
586195
586095
585995
585895
585795
585695
585595
585495
585395
585295
585195
585095
584995
584895
584795
584695
584595
584495
584395
584295
584195
584095
583995
583895
583795
583695
583595
583495
583395
583295
583195
583095
582995
582895
582795
582695
582595
582495
582395
582295
582195
582095
581995
581895
581795
581695
581595
581495
581395
581295
581195
581095
580995
580895
580795
580695
580595
580495
580395
580295
580195
580095
579995
579895
579795
579695
579595
579495
579395
579295
579195
579095
578995
578895
578795
578695
578595
578495
578395
578295
578195
578095
577995
577895
577795
577695
577595
577495
577395
577295
577195
577095
576995
576895
576795
576695
576595
576495
576395
576295
576195
576095
575995
575895
575795
575695
575595
575495
575395
575295
575195
575095
574995
574895
574795
574695
574595
574495
574395
574295
574195
574095
573995
573895
573795
573695
573595
573495
573395
573295
573195
573095
572995
572895
572795
572695
572595
572495
572395
572295
572195
572095
571995
571895
571795
571695
571595
571495
571395
571295
571195
571095
570995
570895
570795
570695
570595
570495
570395
570295
570195
570095
569995
569895
569795
569695
569595
569495
569395
569295
569195
569095
568995
568895
568795
568695
568595
568495
568395
568295
568195
568095
567995
567895
567795
567695
567595
567495
567395
567295
567195
567095
566995
566895
566795
566695
566595
566495
566395
566295
566195
566095
565995
565895
565795
565695
565595
565495
565395
565295
565195
565095
564995
564895
564795
564695
564595
564495
564395
564295
564195
564095
563995
563895
563795
563695
563595
563495
563395
563295
563195
563095
562995
562895
562795
562695
562595
562495
562395
562295
562195
562095
561995
561895
561795
561695
561595
561495
561395
561295
561195
561095
560995
560895
560795
560695
560595
560495
560395
560295
560195
560095
559995
559895
559795
559695
559595
559495
559395
559295
559195
559095
558995
558895
558795
558695
558595
558495
558395
558295
558195
558095
557995
557895
557795
557695
557595
557495
557395
557295
557195
557095
556995
556895
556795
556695
556595
556495
556395
556295
556195
556095
555995
555895
555795
555695
555595
555495
555395
555295
555195
555095
554995
554895
554795
554695
554595
554495
554395
554295
554195
554095
553995
553895
553795
553695
553595
553495
553395
553295
553195
553095
552995
552895
552795
552695
552595
552495
552395
552295
552195
552095
551995
551895
551795
551695
551595
551495
551395
551295
551195
551095
550995
550895
550795
550695
550595
550495
550395
550295
550195
550095
549995
549895
549795
549695
549595
549495
549395
549295
549195
549095
548995
548895
548795
548695
548595
548495
548395
548295
548195
548095
547995
547895
547795
547695
547595
547495
547395
547295
547195
547095
546995
546895
546795
546695
546595
546495
546395
546295
546195
546095
545995
545895
545795
545695
545595
545495
545395
545295
545195
545095
544995
544895
544795
544695
544595
544495
544395
544295
544195
544095
543995
543895
543795
543695
543595
543495
543395
543295
543195
543095
542995
542895
542795
542695
542595
542495
542395
542295
542195
542095
541995
541895
541795
541695
541595
541495
541395
541295
541195
541095
540995
540895
540795
540695
540595
540495
540395
540295
540195
540095
539995
539895
539795
539695
539595
539495
539395
539295
539195
539095
538995
538895
538795
538695
538595
538495
538395
538295
538195
538095
537995
537895
537795
537695
537595
537495
537395
537295
537195
537095
536995
536895
536795
536695
536595
536495
536395
536295
536195
536095
535995
535895
535795
535695
535595
535495
535395
535295
535195
535095
534995
534895
534795
534695
534595
534495
534395
534295
534195
534095
533995
533895
533795
533695
533595
533495
533395
533295
533195
533095
532995
532895
532795
532695
532595
532495
532395
532295
532195
532095
531995
531895
531795
531695
531595
531495
531395
531295
531195
531095
530995
530895
530795
530695
530595
530495
530395
530295
530195
530095
529995
529895
529795
529695
529595
529495
529395
529295
529195
529095
528995
528895
528795
528695
528595
528495
528395
528295
528195
528095
527995
527895
527795
527695
527595
527495
527395
527295
527195
527095
526995
526895
526795
526695
526595
526495
526395
526295
526195
526095
525995
525895
525795
525695
525595
525495
525395
525295
525195
525095
524995
524895
524795
524695
524595
524495
524395
524295
524195
524095
523995
523895
523795
523695
523595
523495
523395
523295
523195
523095
522995
522895
522795
522695
522595
522495
522395
522295
522195
522095
521995
521895
521795
521695
521595
521495
521395
521295
521195
521095
520995
520895
520795
520695
520595
520495
520395
520295
520195
520095
519995
519895
519795
519695
519595
519495
519395
519295
519195
519095
518995
518895
518795
518695
518595
518495
518395
518295
518195
518095
517995
517895
517795
517695
517595
517495
517395
517295
517195
517095
516995
516895
516795
516695
516595
516495
516395
516295
516195
516095
515995
515895
515795
515695
515595
515495
515395
515295
515195
515095
514995
514895
514795
514695
514595
514495
514395
514295
514195
514095
513995
513895
513795
513695
513595
513495
513395
513295
513195
513095
512995
512895
512795
512695
512595
512495
512395
512295
512195
512095
511995
511895
511795
511695
511595
511495
511395
511295
511195
511095
510995
510895
510795
510695
510595
510495
510395
510295
510195
510095
509995
509895
509795
509695
509595
509495
509395
509295
509195
509095
508995
508895
508795
508695
508595
508495
508395
508295
508195
508095
507995
507895
507795
507695
507595
507495
507395
507295
507195
507095
506995
506895
506795
506695
506595
506495
506395
506295
506195
506095
505995
505895
505795
505695
505595
505495
505395
505295
505195
505095
504995
504895
504795
504695
504595
504495
504395
504295
504195
504095
503995
503895
503795
503695
503595
503495
503395
503295
503195
503095
502995
502895
502795
502695
502595
502495
502395
502295
502195
502095
501995
501895
501795
501695
501595
501495
501395
501295
501195
501095
500995
500895
500795
500695
500595
500495
500395
500295
500195
500095
499995
499895
499795
499695
499595
499495
499395
499295
499195
499095
498995
498895
498795
498695
498595
498495
498395
498295
498195
498095
497995
497895
497795
497695
497595
497495
497395
497295
497195
497095
496995
496895
496795
496695
496595
496495
496395
496295
496195
496095
495995
495895
495795
495695
495595
495495
495395
495295
495195
495095
494995
494895
494795
494695
494595
494495
494395
494295
494195
494095
493995
493895
493795
493695
493595
493495
493395
493295
493195
493095
492995
492895
492795
492695
492595
492495
492395
492295
492195
492095
491995
491895
491795
491695
491595
491495
491395
491295
491195
491095
490995
490895
490795
490695
490595
490495
490395
490295
490195
490095
489995
489895
489795
489695
489595
489495
489395
489295
489195
489095
488995
488895
488795
488695
488595
488495
488395
488295
488195
488095
487995
487895
487795
487695
487595
487495
487395
487295
487195
487095
486995
486895
486795
486695
486595
486495
486395
486295
486195
486095
485995
485895
485795
485695
485595
485495
485395
485295
485195
485095
484995
484895
484795
484695
484595
484495
484395
484295
484195
484095
483995
483895
483795
483695
483595
483495
483395
483295
483195
483095
482995
482895
482795
482695
482595
482495
482395
482295
482195
482095
481995
481895
481795
481695
481595
481495
481395
481295
481195
481095
480995
480895
480795
480695
480595
480495
480395
480295
480195
480095
479995
479895
479795
479695
479595
479495
479395
479295
479195
479095
478995
478895
478795
478695
478595
478495
478395
478295
478195
478095
477995
477895
477795
477695
477595
477495
477395
477295
477195
477095
476995
476895
476795
476695
476595
476495
476395
476295
476195
476095
475995
475895
475795
475695
475595
475495
475395
475295
475195
475095
474995
474895
474795
474695
474595
474495
474395
474295
474195
474095
473995
473895
473795
473695
473595
473495
473395
473295
473195
473095
472995
472895
472795
472695
472595
472495
472395
472295
472195
472095
471995
471895
471795
471695
471595
471495
471395
471295
471195
471095
470995
470895
470795
470695
470595
470495
470395
470295
470195
470095
469995
469895
469795
469695
469595
469495
469395
469295
469195
469095
468995
468895
468795
468695
468595
468495
468395
468295
468195
468095
467995
467895
467795
467695
467595
467495
467395
467295
467195
467095
466995
466895
466795
466695
466595
466495
466395
466295
466195
466095
465995
465895
465795
465695
465595
465495
465395
465295
465195
465095
464995
464895
464795
464695
464595
464495
464395
464295
464195
464095
463995
463895
463795
463695
463595
463495
463395
463295
463195
463095
462995
462895
462795
462695
462595
462495
462395
462295
462195
462095
461995
461895
461795
461695
461595
461495
461395
461295
461195
461095
460995
460895
460795
460695
460595
460495
460395
460295
460195
460095
459995
459895
459795
459695
459595
459495
459395
459295
459195
459095
458995
458895
458795
458695
458595
458495
458395
458295
458195
458095
457995
457895
457795
457695
457595
457495
457395
457295
457195
457095
456995
456895
456795
456695
456595
456495
456395
456295
456195
456095
455995
455895
455795
455695
455595
455495
455395
455295
455195
455095
454995
454895
454795
454695
454595
454495
454395
454295
454195
454095
453995
453895
453795
453695
453595
453495
453395
453295
453195
453095
452995
452895
452795
452695
452595
452495
452395
452295
452195
452095
451995
451895
451795
451695
451595
451495
451395
451295
451195
451095
450995
450895
450795
450695
450595
450495
450395
450295
450195
450095
449995
449895
449795
449695
449595
449495
449395
449295
449195
449095
448995
448895
448795
448695
448595
448495
448395
448295
448195
448095
447995
447895
447795
447695
447595
447495
447395
447295
447195
447095
446995
446895
446795
446695
446595
446495
446395
446295
446195
446095
445995
445895
445795
445695
445595
445495
445395
445295
445195
445095
444995
444895
444795
444695
444595
444495
444395
444295
444195
444095
443995
443895
443795
443695
443595
443495
443395
443295
443195
443095
442995
442895
442795
442695
442595
442495
442395
442295
442195
442095
441995
441895
441795
441695
441595
441495
441395
441295
441195
441095
440995
440895
440795
440695
440595
440495
440395
440295
440195
440095
439995
439895
439795
439695
439595
439495
439395
439295
439195
439095
438995
438895
438795
438695
438595
438495
438395
438295
438195
438095
437995
437895
437795
437695
437595
437495
437395
437295
437195
437095
436995
436895
436795
436695
436595
436495
436395
436295
436195
436095
435995
435895
435795
435695
435595
435495
435395
435295
435195
435095
434995
434895
434795
434695
434595
434495
434395
434295
434195
434095
433995
433895
433795
433695
433595
433495
433395
433295
433195
433095
432995
432895
432795
432695
432595
432495
432395
432295
432195
432095
431995
431895
431795
431695
431595
431495
431395
431295
431195
431095
430995
430895
430795
430695
430595
430495
430395
430295
430195
430095
429995
429895
429795
429695
429595
429495
429395
429295
429195
429095
428995
428895
428795
428695
428595
428495
428395
428295
428195
428095
427995
427895
427795
427695
427595
427495
427395
427295
427195
427095
426995
426895
426795
426695
426595
426495
426395
426295
426195
426095
425995
425895
425795
425695
425595
425495
425395
425295
425195
425095
424995
424895
424795
424695
424595
424495
424395
424295
424195
424095
423995
423895
423795
423695
423595
423495
423395
423295
423195
423095
422995
422895
422795
422695
422595
422495
422395
422295
422195
422095
421995
421895
421795
421695
421595
421495
421395
421295
421195
421095
420995
420895
420795
420695
420595
420495
420395
420295
420195
420095
419995
419895
419795
419695
419595
419495
419395
419295
419195
419095
418995
418895
418795
418695
418595
418495
418395
418295
418195
418095
417995
417895
417795
417695
417595
417495
417395
417295
417195
417095
416995
416895
416795
416695
416595
416495
416395
416295
416195
416095
415995
415895
415795
415695
415595
415495
415395
415295
415195
415095
414995
414895
414795
414695
414595
414495
414395
414295
414195
414095
413995
413895
413795
413695
413595
413495
413395
413295
413195
413095
412995
412895
412795
412695
412595
412495
412395
412295
412195
412095
411995
411895
411795
411695
411595
411495
411395
411295
411195
411095
410995
410895
410795
410695
410595
410495
410395
410295
410195
410095
409995
409895
409795
409695
409595
409495
409395
409295
409195
409095
408995
408895
408795
408695
408595
408495
408395
408295
408195
408095
407995
407895
407795
407695
407595
407495
407395
407295
407195
407095
406995
406895
406795
406695
406595
406495
406395
406295
406195
406095
405995
405895
405795
405695
405595
405495
405395
405295
405195
405095
404995
404895
404795
404695
404595
404495
404395
404295
404195
404095
403995
403895
403795
403695
403595
403495
403395
403295
403195
403095
402995
402895
402795
402695
402595
402495
402395
402295
402195
402095
401995
401895
401795
401695
401595
401495
401395
401295
401195
401095
400995
400895
400795
400695
400595
400495
400395
400295
400195
400095
399995
399895
399795
399695
399595
399495
399395
399295
399195
399095
398995
398895
398795
398695
398595
398495
398395
398295
398195
398095
397995
397895
397795
397695
397595
397495
397395
397295
397195
397095
396995
396895
396795
396695
396595
396495
396395
396295
396195
396095
395995
395895
395795
395695
395595
395495
395395
395295
395195
395095
394995
394895
394795
394695
394595
394495
394395
394295
394195
394095
393995
393895
393795
393695
393595
393495
393395
393295
393195
393095
392995
392895
392795
392695
392595
392495
392395
392295
392195
392095
391995
391895
391795
391695
391595
391495
391395
391295
391195
391095
390995
390895
390795
390695
390595
390495
390395
390295
390195
390095
389995
389895
389795
389695
389595
389495
389395
389295
389195
389095
388995
388895
388795
388695
388595
388495
388395
388295
388195
388095
387995
387895
387795
387695
387595
387495
387395
387295
387195
387095
386995
386895
386795
386695
386595
386495
386395
386295
386195
386095
385995
385895
385795
385695
385595
385495
385395
385295
385195
385095
384995
384895
384795
384695
384595
384495
384395
384295
384195
384095
383995
383895
383795
383695
383595
383495
383395
383295
383195
383095
382995
382895
382795
382695
382595
382495
382395
382295
382195
382095
381995
381895
381795
381695
381595
381495
381395
381295
381195
381095
380995
380895
380795
380695
380595
380495
380395
380295
380195
380095
379995
379895
379795
379695
379595
379495
379395
379295
379195
379095
378995
378895
378795
378695
378595
378495
378395
378295
378195
378095
377995
377895
377795
377695
377595
377495
377395
377295
377195
377095
376995
376895
376795
376695
376595
376495
376395
376295
376195
376095
375995
375895
375795
375695
375595
375495
375395
375295
375195
375095
374995
374895
374795
374695
374595
374495
374395
374295
374195
374095
373995
373895
373795
373695
373595
373495
373395
373295
373195
373095
372995
372895
372795
372695
372595
372495
372395
372295
372195
372095
371995
371895
371795
371695
371595
371495
371395
371295
371195
371095
370995
370895
370795
370695
370595
370495
370395
370295
370195
370095
369995
369895
369795
369695
369595
369495
369395
369295
369195
369095
368995
368895
368795
368695
368595
368495
368395
368295
368195
368095
367995
367895
367795
367695
367595
367495
367395
367295
367195
367095
366995
366895
366795
366695
366595
366495
366395
366295
366195
366095
365995
365895
365795
365695
365595
365495
365395
365295
365195
365095
364995
364895
364795
364695
364595
364495
364395
364295
364195
364095
363995
363895
363795
363695
363595
363495
363395
363295
363195
363095
362995
362895
362795
362695
362595
362495
362395
362295
362195
362095
361995
361895
361795
361695
361595
361495
361395
361295
361195
361095
360995
360895
360795
360695
360595
360495
360395
360295
360195
360095
359995
359895
359795
359695
359595
359495
359395
359295
359195
359095
358995
358895
358795
358695
358595
358495
358395
358295
358195
358095
357995
357895
357795
357695
357595
357495
357395
357295
357195
357095
356995
356895
356795
356695
356595
356495
356395
356295
356195
356095
355995
355895
355795
355695
355595
355495
355395
355295
355195
355095
354995
354895
354795
354695
354595
354495
354395
354295
354195
354095
353995
353895
353795
353695
353595
353495
353395
353295
353195
353095
352995
352895
352795
352695
352595
352495
352395
352295
352195
352095
351995
351895
351795
351695
351595
351495
351395
351295
351195
351095
350995
350895
350795
350695
350595
350495
350395
350295
350195
350095
349995
349895
349795
349695
349595
349495
349395
349295
349195
349095
348995
348895
348795
348695
348595
348495
348395
348295
348195
348095
347995
347895
347795
347695
347595
347495
347395
347295
347195
347095
346995
346895
346795
346695
346595
346495
346395
346295
346195
346095
345995
345895
345795
345695
345595
345495
345395
345295
345195
345095
344995
344895
344795
344695
344595
344495
344395
344295
344195
344095
343995
343895
343795
343695
343595
343495
343395
343295
343195
343095
342995
342895
342795
342695
342595
342495
342395
342295
342195
342095
341995
341895
341795
341695
341595
341495
341395
341295
341195
341095
340995
340895
340795
340695
340595
340495
340395
340295
340195
340095
339995
339895
339795
339695
339595
339495
339395
339295
339195
339095
338995
338895
338795
338695
338595
338495
338395
338295
338195
338095
337995
337895
337795
337695
337595
337495
337395
337295
337195
337095
336995
336895
336795
336695
336595
336495
336395
336295
336195
336095
335995
335895
335795
335695
335595
335495
335395
335295
335195
335095
334995
334895
334795
334695
334595
334495
334395
334295
334195
334095
333995
333895
333795
333695
333595
333495
333395
333295
333195
333095
332995
332895
332795
332695
332595
332495
332395
332295
332195
332095
331995
331895
331795
331695
331595
331495
331395
331295
331195
331095
330995
330895
330795
330695
330595
330495
330395
330295
330195
330095
329995
329895
329795
329695
329595
329495
329395
329295
329195
329095
328995
328895
328795
328695
328595
328495
328395
328295
328195
328095
327995
327895
327795
327695
327595
327495
327395
327295
327195
327095
326995
326895
326795
326695
326595
326495
326395
326295
326195
326095
325995
325895
325795
325695
325595
325495
325395
325295
325195
325095
324995
324895
324795
324695
324595
324495
324395
324295
324195
324095
323995
323895
323795
323695
323595
323495
323395
323295
323195
323095
322995
322895
322795
322695
322595
322495
322395
322295
322195
322095
321995
321895
321795
321695
321595
321495
321395
321295
321195
321095
320995
320895
320795
320695
320595
320495
320395
320295
320195
320095
319995
319895
319795
319695
319595
319495
319395
319295
319195
319095
318995
318895
318795
318695
318595
318495
318395
318295
318195
318095
317995
317895
317795
317695
317595
317495
317395
317295
317195
317095
316995
316895
316795
316695
316595
316495
316395
316295
316195
316095
315995
315895
315795
315695
315595
315495
315395
315295
315195
315095
314995
314895
314795
314695
314595
314495
314395
314295
314195
314095
313995
313895
313795
313695
313595
313495
313395
313295
313195
313095
312995
312895
312795
312695
312595
312495
312395
312295
312195
312095
311995
311895
311795
311695
311595
311495
311395
311295
311195
311095
310995
310895
310795
310695
310595
310495
310395
310295
310195
310095
309995
309895
309795
309695
309595
309495
309395
309295
309195
309095
308995
308895
308795
308695
308595
308495
308395
308295
308195
308095
307995
307895
307795
307695
307595
307495
307395
307295
307195
307095
306995
306895
306795
306695
306595
306495
306395
306295
306195
306095
305995
305895
305795
305695
305595
305495
305395
305295
305195
305095
304995
304895
304795
304695
304595
304495
304395
304295
304195
304095
303995
303895
303795
303695
303595
303495
303395
303295
303195
303095
302995
302895
302795
302695
302595
302495
302395
302295
302195
302095
301995
301895
301795
301695
301595
301495
301395
301295
301195
301095
300995
300895
300795
300695
300595
300495
300395
300295
300195
300095
299995
299895
299795
299695
299595
299495
299395
299295
299195
299095
298995
298895
298795
298695
298595
298495
298395
298295
298195
298095
297995
297895
297795
297695
297595
297495
297395
297295
297195
297095
296995
296895
296795
296695
296595
296495
296395
296295
296195
296095
295995
295895
295795
295695
295595
295495
295395
295295
295195
295095
294995
294895
294795
294695
294595
294495
294395
294295
294195
294095
293995
293895
293795
293695
293595
293495
293395
293295
293195
293095
292995
292895
292795
292695
292595
292495
292395
292295
292195
292095
291995
291895
291795
291695
291595
291495
291395
291295
291195
291095
290995
290895
290795
290695
290595
290495
290395
290295
290195
290095
289995
289895
289795
289695
289595
289495
289395
289295
289195
289095
288995
288895
288795
288695
288595
288495
288395
288295
288195
288095
287995
287895
287795
287695
287595
287495
287395
287295
287195
287095
286995
286895
286795
286695
286595
286495
286395
286295
286195
286095
285995
285895
285795
285695
285595
285495
285395
285295
285195
285095
284995
284895
284795
284695
284595
284495
284395
284295
284195
284095
283995
283895
283795
283695
283595
283495
283395
283295
283195
283095
282995
282895
282795
282695
282595
282495
282395
282295
282195
282095
281995
281895
281795
281695
281595
281495
281395
281295
281195
281095
280995
280895
280795
280695
280595
280495
280395
280295
280195
280095
279995
279895
279795
279695
279595
279495
279395
279295
279195
279095
278995
278895
278795
278695
278595
278495
278395
278295
278195
278095
277995
277895
277795
277695
277595
277495
277395
277295
277195
277095
276995
276895
276795
276695
276595
276495
276395
276295
276195
276095
275995
275895
275795
275695
275595
275495
275395
275295
275195
275095
274995
274895
274795
274695
274595
274495
274395
274295
274195
274095
273995
273895
273795
273695
273595
273495
273395
273295
273195
273095
272995
272895
272795
272695
272595
272495
272395
272295
272195
272095
271995
271895
271795
271695
271595
271495
271395
271295
271195
271095
270995
270895
270795
270695
270595
270495
270395
270295
270195
270095
269995
269895
269795
269695
269595
269495
269395
269295
269195
269095
268995
268895
268795
268695
268595
268495
268395
268295
268195
268095
267995
267895
267795
267695
267595
267495
267395
267295
267195
267095
266995
266895
266795
266695
266595
266495
266395
266295
266195
266095
265995
265895
265795
265695
265595
265495
265395
265295
265195
265095
264995
264895
264795
264695
264595
264495
264395
264295
264195
264095
263995
263895
263795
263695
263595
263495
263395
263295
263195
263095
262995
262895
262795
262695
262595
262495
262395
262295
262195
262095
261995
261895
261795
261695
261595
261495
261395
261295
261195
261095
260995
260895
260795
260695
260595
260495
260395
260295
260195
260095
259995
259895
259795
259695
259595
259495
259395
259295
259195
259095
258995
258895
258795
258695
258595
258495
258395
258295
258195
258095
257995
257895
257795
257695
257595
257495
257395
257295
257195
257095
256995
256895
256795
256695
256595
256495
256395
256295
256195
256095
255995
255895
255795
255695
255595
255495
255395
255295
255195
255095
254995
254895
254795
254695
254595
254495
254395
254295
254195
254095
253995
253895
253795
253695
253595
253495
253395
253295
253195
253095
252995
252895
252795
252695
252595
252495
252395
252295
252195
252095
251995
251895
251795
251695
251595
251495
251395
251295
251195
251095
250995
250895
250795
250695
250595
250495
250395
250295
250195
250095
249995
249895
249795
249695
249595
249495
249395
249295
249195
249095
248995
248895
248795
248695
248595
248495
248395
248295
248195
248095
247995
247895
247795
247695
247595
247495
247395
247295
247195
247095
246995
246895
246795
246695
246595
246495
246395
246295
246195
246095
245995
245895
245795
245695
245595
245495
245395
245295
245195
245095
244995
244895
244795
244695
244595
244495
244395
244295
244195
244095
243995
243895
243795
243695
243595
243495
243395
243295
243195
243095
242995
242895
242795
242695
242595
242495
242395
242295
242195
242095
241995
241895
241795
241695
241595
241495
241395
241295
241195
241095
240995
240895
240795
240695
240595
240495
240395
240295
240195
240095
239995
239895
239795
239695
239595
239495
239395
239295
239195
239095
238995
238895
238795
238695
238595
238495
238395
238295
238195
238095
237995
237895
237795
237695
237595
237495
237395
237295
237195
237095
236995
236895
236795
236695
236595
236495
236395
236295
236195
236095
235995
235895
235795
235695
235595
235495
235395
235295
235195
235095
234995
234895
234795
234695
234595
234495
234395
234295
234195
234095
233995
233895
233795
233695
233595
233495
233395
233295
233195
233095
232995
232895
232795
232695
232595
232495
232395
232295
232195
232095
231995
231895
231795
231695
231595
231495
231395
231295
231195
231095
230995
230895
230795
230695
230595
230495
230395
230295
230195
230095
229995
229895
229795
229695
229595
229495
229395
229295
229195
229095
228995
228895
228795
228695
228595
228495
228395
228295
228195
228095
227995
227895
227795
227695
227595
227495
227395
227295
227195
227095
226995
226895
226795
226695
226595
226495
226395
226295
226195
226095
225995
225895
225795
225695
225595
225495
225395
225295
225195
225095
224995
224895
224795
224695
224595
224495
224395
224295
224195
224095
223995
223895
223795
223695
223595
223495
223395
223295
223195
223095
222995
222895
222795
222695
222595
222495
222395
222295
222195
222095
221995
221895
221795
221695
221595
221495
221395
221295
221195
221095
220995
220895
220795
220695
220595
220495
220395
220295
220195
220095
219995
219895
219795
219695
219595
219495
219395
219295
219195
219095
218995
218895
218795
218695
218595
218495
218395
218295
218195
218095
217995
217895
217795
217695
217595
217495
217395
217295
217195
217095
216995
216895
216795
216695
216595
216495
216395
216295
216195
216095
215995
215895
215795
215695
215595
215495
215395
215295
215195
215095
214995
214895
214795
214695
214595
214495
214395
214295
214195
214095
213995
213895
213795
213695
213595
213495
213395
213295
213195
213095
212995
212895
212795
212695
212595
212495
212395
212295
212195
212095
211995
211895
211795
211695
211595
211495
211395
211295
211195
211095
210995
210895
210795
210695
210595
210495
210395
210295
210195
210095
209995
209895
209795
209695
209595
209495
209395
209295
209195
209095
208995
208895
208795
208695
208595
208495
208395
208295
208195
208095
207995
207895
207795
207695
207595
207495
207395
207295
207195
207095
206995
206895
206795
206695
206595
206495
206395
206295
206195
206095
205995
205895
205795
205695
205595
205495
205395
205295
205195
205095
204995
204895
204795
204695
204595
204495
204395
204295
204195
204095
203995
203895
203795
203695
203595
203495
203395
203295
203195
203095
202995
202895
202795
202695
202595
202495
202395
202295
202195
202095
201995
201895
201795
201695
201595
201495
201395
201295
201195
201095
200995
200895
200795
200695
200595
200495
200395
200295
200195
200095
199995
199895
199795
199695
199595
199495
199395
199295
199195
199095
198995
198895
198795
198695
198595
198495
198395
198295
198195
198095
197995
197895
197795
197695
197595
197495
197395
197295
197195
197095
196995
196895
196795
196695
196595
196495
196395
196295
196195
196095
195995
195895
195795
195695
195595
195495
195395
195295
195195
195095
194995
194895
194795
194695
194595
194495
194395
194295
194195
194095
193995
193895
193795
193695
193595
193495
193395
193295
193195
193095
192995
192895
192795
192695
192595
192495
192395
192295
192195
192095
191995
191895
191795
191695
191595
191495
191395
191295
191195
191095
190995
190895
190795
190695
190595
190495
190395
190295
190195
190095
189995
189895
189795
189695
189595
189495
189395
189295
189195
189095
188995
188895
188795
188695
188595
188495
188395
188295
188195
188095
187995
187895
187795
187695
187595
187495
187395
187295
187195
187095
186995
186895
186795
186695
186595
186495
186395
186295
186195
186095
185995
185895
185795
185695
185595
185495
185395
185295
185195
185095
184995
184895
184795
184695
184595
184495
184395
184295
184195
184095
183995
183895
183795
183695
183595
183495
183395
183295
183195
183095
182995
182895
182795
182695
182595
182495
182395
182295
182195
182095
181995
181895
181795
181695
181595
181495
181395
181295
181195
181095
180995
180895
180795
180695
180595
180495
180395
180295
180195
180095
179995
179895
179795
179695
179595
179495
179395
179295
179195
179095
178995
178895
178795
178695
178595
178495
178395
178295
178195
178095
177995
177895
177795
177695
177595
177495
177395
177295
177195
177095
176995
176895
176795
176695
176595
176495
176395
176295
176195
176095
175995
175895
175795
175695
175595
175495
175395
175295
175195
175095
174995
174895
174795
174695
174595
174495
174395
174295
174195
174095
173995
173895
173795
173695
173595
173495
173395
173295
173195
173095
172995
172895
172795
172695
172595
172495
172395
172295
172195
172095
171995
171895
171795
171695
171595
171495
171395
171295
171195
171095
170995
170895
170795
170695
170595
170495
170395
170295
170195
170095
169995
169895
169795
169695
169595
169495
169395
169295
169195
169095
168995
168895
168795
168695
168595
168495
168395
168295
168195
168095
167995
167895
167795
167695
167595
167495
167395
167295
167195
167095
166995
166895
166795
166695
166595
166495
166395
166295
166195
166095
165995
165895
165795
165695
165595
165495
165395
165295
165195
165095
164995
164895
164795
164695
164595
164495
164395
164295
164195
164095
163995
163895
163795
163695
163595
163495
163395
163295
163195
163095
162995
162895
162795
162695
162595
162495
162395
162295
162195
162095
161995
161895
161795
161695
161595
161495
161395
161295
161195
161095
160995
160895
160795
160695
160595
160495
160395
160295
160195
160095
159995
159895
159795
159695
159595
159495
159395
159295
159195
159095
158995
158895
158795
158695
158595
158495
158395
158295
158195
158095
157995
157895
157795
157695
157595
157495
157395
157295
157195
157095
156995
156895
156795
156695
156595
156495
156395
156295
156195
156095
155995
155895
155795
155695
155595
155495
155395
155295
155195
155095
154995
154895
154795
154695
154595
154495
154395
154295
154195
154095
153995
153895
153795
153695
153595
153495
153395
153295
153195
153095
152995
152895
152795
152695
152595
152495
152395
152295
152195
152095
151995
151895
151795
151695
151595
151495
151395
151295
151195
151095
150995
150895
150795
150695
150595
150495
150395
150295
150195
150095
149995
149895
149795
149695
149595
149495
149395
149295
149195
149095
148995
148895
148795
148695
148595
148495
148395
148295
148195
148095
147995
147895
147795
147695
147595
147495
147395
147295
147195
147095
146995
146895
146795
146695
146595
146495
146395
146295
146195
146095
145995
145895
145795
145695
145595
145495
145395
145295
145195
145095
144995
144895
144795
144695
144595
144495
144395
144295
144195
144095
143995
143895
143795
143695
143595
143495
143395
143295
143195
143095
142995
142895
142795
142695
142595
142495
142395
142295
142195
142095
141995
141895
141795
141695
141595
141495
141395
141295
141195
141095
140995
140895
140795
140695
140595
140495
140395
140295
140195
140095
139995
139895
139795
139695
139595
139495
139395
139295
139195
139095
138995
138895
138795
138695
138595
138495
138395
138295
138195
138095
137995
137895
137795
137695
137595
137495
137395
137295
137195
137095
136995
136895
136795
136695
136595
136495
136395
136295
136195
136095
135995
135895
135795
135695
135595
135495
135395
135295
135195
135095
134995
134895
134795
134695
134595
134495
134395
134295
134195
134095
133995
133895
133795
133695
133595
133495
133395
133295
133195
133095
132995
132895
132795
132695
132595
132495
132395
132295
132195
132095
131995
131895
131795
131695
131595
131495
131395
131295
131195
131095
130995
130895
130795
130695
130595
130495
130395
130295
130195
130095
129995
129895
129795
129695
129595
129495
129395
129295
129195
129095
128995
128895
128795
128695
128595
128495
128395
128295
128195
128095
127995
127895
127795
127695
127595
127495
127395
127295
127195
127095
126995
126895
126795
126695
126595
126495
126395
126295
126195
126095
125995
125895
125795
125695
125595
125495
125395
125295
125195
125095
124995
124895
124795
124695
124595
124495
124395
124295
124195
124095
123995
123895
123795
123695
123595
123495
123395
123295
123195
123095
122995
122895
122795
122695
122595
122495
122395
122295
122195
122095
121995
121895
121795
121695
121595
121495
121395
121295
121195
121095
120995
120895
120795
120695
120595
120495
120395
120295
120195
120095
119995
119895
119795
119695
119595
119495
119395
119295
119195
119095
118995
118895
118795
118695
118595
118495
118395
118295
118195
118095
117995
117895
117795
117695
117595
117495
117395
117295
117195
117095
116995
116895
116795
116695
116595
116495
116395
116295
116195
116095
115995
115895
115795
115695
115595
115495
115395
115295
115195
115095
114995
114895
114795
114695
114595
114495
114395
114295
114195
114095
113995
113895
113795
113695
113595
113495
113395
113295
113195
113095
112995
112895
112795
112695
112595
112495
112395
112295
112195
112095
111995
111895
111795
111695
111595
111495
111395
111295
111195
111095
110995
110895
110795
110695
110595
110495
110395
110295
110195
110095
109995
109895
109795
109695
109595
109495
109395
109295
109195
109095
108995
108895
108795
108695
108595
108495
108395
108295
108195
108095
107995
107895
107795
107695
107595
107495
107395
107295
107195
107095
106995
106895
106795
106695
106595
106495
106395
106295
106195
106095
105995
105895
105795
105695
105595
105495
105395
105295
105195
105095
104995
104895
104795
104695
104595
104495
104395
104295
104195
104095
103995
103895
103795
103695
103595
103495
103395
103295
103195
103095
102995
102895
102795
102695
102595
102495
102395
102295
102195
102095
101995
101895
101795
101695
101595
101495
101395
101295
101195
101095
100995
100895
100795
100695
100595
100495
100395
100295
100195
100095
99995
99895
99795
99695
99595
99495
99395
99295
99195
99095
98995
98895
98795
98695
98595
98495
98395
98295
98195
98095
97995
97895
97795
97695
97595
97495
97395
97295
97195
97095
96995
96895
96795
96695
96595
96495
96395
96295
96195
96095
95995
95895
95795
95695
95595
95495
95395
95295
95195
95095
94995
94895
94795
94695
94595
94495
94395
94295
94195
94095
93995
93895
93795
93695
93595
93495
93395
93295
93195
93095
92995
92895
92795
92695
92595
92495
92395
92295
92195
92095
91995
91895
91795
91695
91595
91495
91395
91295
91195
91095
90995
90895
90795
90695
90595
90495
90395
90295
90195
90095
89995
89895
89795
89695
89595
89495
89395
89295
89195
89095
88995
88895
88795
88695
88595
88495
88395
88295
88195
88095
87995
87895
87795
87695
87595
87495
87395
87295
87195
87095
86995
86895
86795
86695
86595
86495
86395
86295
86195
86095
85995
85895
85795
85695
85595
85495
85395
85295
85195
85095
84995
84895
84795
84695
84595
84495
84395
84295
84195
84095
83995
83895
83795
83695
83595
83495
83395
83295
83195
83095
82995
82895
82795
82695
82595
82495
82395
82295
82195
82095
81995
81895
81795
81695
81595
81495
81395
81295
81195
81095
80995
80895
80795
80695
80595
80495
80395
80295
80195
80095
79995
79895
79795
79695
79595
79495
79395
79295
79195
79095
78995
78895
78795
78695
78595
78495
78395
78295
78195
78095
77995
77895
77795
77695
77595
77495
77395
77295
77195
77095
76995
76895
76795
76695
76595
76495
76395
76295
76195
76095
75995
75895
75795
75695
75595
75495
75395
75295
75195
75095
74995
74895
74795
74695
74595
74495
74395
74295
74195
74095
73995
73895
73795
73695
73595
73495
73395
73295
73195
73095
72995
72895
72795
72695
72595
72495
72395
72295
72195
72095
71995
71895
71795
71695
71595
71495
71395
71295
71195
71095
70995
70895
70795
70695
70595
70495
70395
70295
70195
70095
69995
69895
69795
69695
69595
69495
69395
69295
69195
69095
68995
68895
68795
68695
68595
68495
68395
68295
68195
68095
67995
67895
67795
67695
67595
67495
67395
67295
67195
67095
66995
66895
66795
66695
66595
66495
66395
66295
66195
66095
65995
65895
65795
65695
65595
65495
65395
65295
65195
65095
64995
64895
64795
64695
64595
64495
64395
64295
64195
64095
63995
63895
63795
63695
63595
63495
63395
63295
63195
63095
62995
62895
62795
62695
62595
62495
62395
62295
62195
62095
61995
61895
61795
61695
61595
61495
61395
61295
61195
61095
60995
60895
60795
60695
60595
60495
60395
60295
60195
60095
59995
59895
59795
59695
59595
59495
59395
59295
59195
59095
58995
58895
58795
58695
58595
58495
58395
58295
58195
58095
57995
57895
57795
57695
57595
57495
57395
57295
57195
57095
56995
56895
56795
56695
56595
56495
56395
56295
56195
56095
55995
55895
55795
55695
55595
55495
55395
55295
55195
55095
54995
54895
54795
54695
54595
54495
54395
54295
54195
54095
53995
53895
53795
53695
53595
53495
53395
53295
53195
53095
52995
52895
52795
52695
52595
52495
52395
52295
52195
52095
51995
51895
51795
51695
51595
51495
51395
51295
51195
51095
50995
50895
50795
50695
50595
50495
50395
50295
50195
50095
49995
49895
49795
49695
49595
49495
49395
49295
49195
49095
48995
48895
48795
48695
48595
48495
48395
48295
48195
48095
47995
47895
47795
47695
47595
47495
47395
47295
47195
47095
46995
46895
46795
46695
46595
46495
46395
46295
46195
46095
45995
45895
45795
45695
45595
45495
45395
45295
45195
45095
44995
44895
44795
44695
44595
44495
44395
44295
44195
44095
43995
43895
43795
43695
43595
43495
43395
43295
43195
43095
42995
42895
42795
42695
42595
42495
42395
42295
42195
42095
41995
41895
41795
41695
41595
41495
41395
41295
41195
41095
40995
40895
40795
40695
40595
40495
40395
40295
40195
40095
39995
39895
39795
39695
39595
39495
39395
39295
39195
39095
38995
38895
38795
38695
38595
38495
38395
38295
38195
38095
37995
37895
37795
37695
37595
37495
37395
37295
37195
37095
36995
36895
36795
36695
36595
36495
36395
36295
36195
36095
35995
35895
35795
35695
35595
35495
35395
35295
35195
35095
34995
34895
34795
34695
34595
34495
34395
34295
34195
34095
33995
33895
33795
33695
33595
33495
33395
33295
33195
33095
32995
32895
32795
32695
32595
32495
32395
32295
32195
32095
31995
31895
31795
31695
31595
31495
31395
31295
31195
31095
30995
30895
30795
30695
30595
30495
30395
30295
30195
30095
29995
29895
29795
29695
29595
29495
29395
29295
29195
29095
28995
28895
28795
28695
28595
28495
28395
28295
28195
28095
27995
27895
27795
27695
27595
27495
27395
27295
27195
27095
26995
26895
26795
26695
26595
26495
26395
26295
26195
26095
25995
25895
25795
25695
25595
25495
25395
25295
25195
25095
24995
24895
24795
24695
24595
24495
24395
24295
24195
24095
23995
23895
23795
23695
23595
23495
23395
23295
23195
23095
22995
22895
22795
22695
22595
22495
22395
22295
22195
22095
21995
21895
21795
21695
21595
21495
21395
21295
21195
21095
20995
20895
20795
20695
20595
20495
20395
20295
20195
20095
19995
19895
19795
19695
19595
19495
19395
19295
19195
19095
18995
18895
18795
18695
18595
18495
18395
18295
18195
18095
17995
17895
17795
17695
17595
17495
17395
17295
17195
17095
16995
16895
16795
16695
16595
16495
16395
16295
16195
16095
15995
15895
15795
15695
15595
15495
15395
15295
15195
15095
14995
14895
14795
14695
14595
14495
14395
14295
14195
14095
13995
13895
13795
13695
13595
13495
13395
13295
13195
13095
12995
12895
12795
12695
12595
12495
12395
12295
12195
12095
11995
11895
11795
11695
11595
11495
11395
11295
11195
11095
10995
10895
10795
10695
10595
10495
10395
10295
10195
10095
9995
9895
9795
9695
9595
9495
9395
9295
9195
9095
8995
8895
8795
8695
8595
8495
8395
8295
8195
8095
7995
7895
7795
7695
7595
7495
7395
7295
7195
7095
6995
6895
6795
6695
6595
6495
6395
6295
6195
6095
5995
5895
5795
5695
5595
5495
5395
5295
5195
5095
4995
4895
4795
4695
4595
4495
4395
4295
4195
4095
3995
3895
3795
3695
3595
3495
3395
3295
3195
3095
2995
2895
2795
2695
2595
2495
2395
2295
2195
2095
1995
1895
1795
1695
1595
1495
1395
1295
1195
1095
995
895
795
695
595
495
395
295
195
95
