10000
276560
296706
33487
969643
327598
615569
854374
887761
900560
174319
279734
838241
91468
105064
860218
510928
223536
398562
518836
266329
569638
311139
508736
32964
252004
703951
14732
898467
889325
881541
543294
738640
213484
48521
96607
86812
377138
567042
623438
492096
594260
722702
320075
172069
723405
218048
822235
589275
803604
387582
868654
974274
352950
509544
230098
298504
983005
999835
87072
747651
185661
636411
866544
275536
38371
111552
101086
549164
85504
172523
18230
917246
693789
725442
51368
753312
980825
65448
56901
458250
583604
306335
732779
47606
107444
338702
148061
99034
728756
739406
846296
697953
189541
132233
28714
857492
537134
331891
102149
691553
304156
208152
665241
317339
1065
770292
65868
773588
130997
993892
776256
397638
496066
640080
971995
756503
935349
117306
768021
158869
519815
269101
974838
79519
347245
684975
381462
892860
942318
191691
899722
715705
680630
205376
35468
991010
551176
160290
860342
610831
856001
694087
698988
222802
76365
689515
807458
38268
531413
332260
72708
319554
70608
353088
484318
837096
516756
998311
914738
831531
581600
213344
623965
561269
828573
394264
171121
801994
785590
797876
44178
598538
307469
786933
504353
983214
857662
451029
332292
354155
732232
15979
73652
905959
773069
832025
501550
937086
246897
257881
667325
524090
299275
734885
211532
549746
967684
74681
329387
801404
897659
897152
714876
878828
737998
663561
154239
752163
345078
827519
388585
446184
323353
782422
138672
235841
324538
415578
712747
904175
982952
165166
523549
365763
980000
702482
507574
949182
888655
521983
193477
463141
111373
769527
876698
921929
700740
346815
629179
11977
935722
674450
504492
561839
18345
897597
548921
439523
237103
540204
794515
19517
943686
80694
437544
864107
240330
141433
546374
606894
978382
278090
190164
212000
222553
588937
660103
697810
77202
724751
648747
572630
795612
790893
234858
190425
726050
910335
825456
424252
340141
284377
503739
262041
566084
873376
855428
148010
256937
135579
230769
607806
107398
361264
323998
336173
653147
351823
383246
71169
34474
581015
119955
177831
599100
612912
301750
399683
59863
101421
342668
273912
350406
528204
226705
879029
911633
601050
492043
652355
4493
301119
611852
503283
850962
822635
147230
131638
797798
195902
503171
700784
505013
917843
436347
567100
532339
59175
240597
500549
8335
46161
382696
976420
789605
213562
812477
427177
779070
295015
859825
19312
326383
749511
213935
447260
654147
288951
808798
633195
103902
819797
284485
463993
647166
13890
374080
59945
366456
749363
694979
216960
99386
469964
546344
149902
37006
490727
499174
602021
313736
380720
730598
985282
41427
249370
598157
56021
284767
295873
586327
66304
985514
345202
136889
817654
189768
957819
220761
385660
538354
933913
863227
554656
53095
304742
718504
549007
388642
770568
917184
670820
892006
274434
138015
626057
126365
677572
833876
885000
108567
372445
739099
962043
505826
886797
287418
99780
549830
956052
975287
65146
288260
819436
862894
197548
520395
93832
208639
656855
731316
817174
4962
820511
240223
148941
365295
884956
325230
954496
576545
609924
791674
140314
743829
347062
256941
176225
197942
535334
131228
607541
466246
149923
597757
962252
355630
206011
769153
368867
391399
1588
367684
386532
379719
295254
543466
257966
291096
930088
669064
929751
693553
50539
478896
21466
962688
206919
425823
478538
648385
45687
979330
342322
80564
68855
194467
135294
320385
515382
872321
808597
19459
310938
830854
473682
101771
39015
555385
586418
44380
392409
267859
830029
36755
5249
553539
202629
325884
614522
269701
163505
102239
558395
471869
567319
776313
71012
372843
960238
700393
785551
680576
557251
268422
965315
563100
959023
739703
193500
759020
326914
160881
580246
249905
18466
213429
19947
739532
57846
493540
494438
50604
276343
828305
152896
564896
919206
924974
787969
30430
438386
902866
461585
529073
737580
766373
964688
625814
799670
969127
154649
964206
712052
602760
113411
261956
879479
642902
681007
617315
156403
936818
523640
531131
534732
290398
893065
567347
548088
516318
826640
293223
453115
148681
424359
375923
151701
717944
799179
804634
679731
814369
689486
100715
213314
982023
423560
176220
281533
225377
516606
569120
669507
26249
578559
835453
621505
223124
480032
5004
886348
24207
104292
768850
348481
716907
964150
266936
488062
202477
708096
101674
292787
395146
267651
210532
535049
249888
935717
282099
173090
380502
431612
160583
318336
576280
194344
83647
404034
493195
927944
186337
638117
137447
616240
822289
451149
417084
921393
888545
634762
883106
970123
34707
783815
666497
143976
153042
603283
540180
963713
732451
436047
853485
612223
474134
746936
77497
637857
601284
17409
732671
169373
732842
248260
783065
950396
527110
153429
657654
444148
20497
927126
190103
6743
845643
230227
152324
148025
937434
968001
699502
839906
401888
54750
528636
420018
441397
857829
880832
67097
689868
230291
880030
719222
400880
414110
41593
836963
471095
941332
529389
210455
480638
539404
431028
685856
149227
280388
761153
826980
192514
617403
883941
455095
481840
875147
719163
211368
130924
922807
437159
58626
791555
988902
201782
338244
809076
133772
632738
517690
82554
997291
221531
847885
376345
378298
663593
662440
978475
141463
506147
233593
115913
583298
513617
972455
292761
319360
447729
559322
801959
920400
614984
993970
459659
383393
71650
792007
534308
370438
824704
846195
195404
908843
659865
436424
512651
217940
692038
952537
251147
176471
935468
459677
166000
988951
868498
152563
554789
454942
535948
166038
786258
812633
394788
169943
914690
972267
769770
461344
945862
328693
240237
474840
277951
523783
624070
82884
857937
573702
621577
879823
634621
507038
191768
592217
65204
787817
32264
269062
29268
369240
810173
837238
901738
936469
679796
380137
677251
589592
700585
575091
87496
772428
356252
101391
201995
877313
30428
966061
326275
947390
535115
111335
984854
388053
445858
869139
844743
666093
76681
304489
10277
585298
519468
691068
782784
216903
506926
372309
631554
457211
352453
883898
257982
650386
265539
215248
638821
743298
350226
171998
856237
753814
58028
439063
681826
770760
866708
561072
578797
242267
245081
445258
860835
465079
544973
342788
705213
285541
749843
105183
359652
264700
997775
979973
25748
605098
360495
893426
708717
852229
654718
19529
920108
161513
677848
425658
792400
553390
566185
378564
159668
199968
447015
332687
316451
42694
274178
199629
463967
203119
10486
744929
438181
850954
986594
401963
806548
406809
120760
958322
60113
298179
996511
747616
978566
287288
451354
872907
953839
377530
410091
282185
295590
439032
865175
691507
702506
196904
591301
536179
402686
711933
377902
560833
407837
702308
553268
504401
698336
527619
898193
271049
159733
638522
850007
645238
142761
904578
248172
77586
246356
839930
150725
561762
507658
728758
708795
507640
429196
427046
134289
609714
934011
939861
364985
364998
371182
210951
682213
932693
784697
43608
42464
907668
992604
977077
582941
823510
195911
653582
979616
397480
27758
974025
233566
172270
42026
137671
675701
684115
162387
192697
68424
573853
278044
85233
655442
640192
705139
853414
140867
930679
383951
349389
333624
267197
125955
233733
914410
369816
4274
896257
507054
794461
337257
288575
508570
906223
598633
30471
434484
977962
216511
136402
128795
976800
535349
120046
997586
552836
106815
960220
736128
204253
187028
854175
897765
151395
477907
823386
981855
70202
43378
375262
674151
152101
648788
88659
723620
235516
838435
573619
700303
233893
794396
484020
591901
37697
345827
612622
434428
911395
33090
257850
434933
350322
820942
793049
601702
31820
308340
392248
852468
118005
571988
391577
172269
412470
642950
455809
386547
681911
935087
256420
370245
387174
325448
821791
274003
577099
583593
399366
330987
226408
402384
15684
946783
233293
9067
433136
517143
447055
424384
511156
471206
418784
815474
77811
785324
347912
939336
167136
55286
535207
661666
588729
527949
105655
867629
59171
140959
915639
506602
669606
557846
242154
454344
277459
789396
439165
422649
326519
841533
763555
280653
346049
833303
914907
120146
928285
712426
8375
480781
822502
281950
335479
124690
423467
290427
501119
16727
671076
147442
641764
613525
705337
176366
198513
626822
163502
446467
877938
600478
549385
542889
453372
893967
751944
958191
804245
441457
576966
358248
952338
916726
281289
241815
496426
557914
269387
958996
66995
147772
439783
74033
796347
606525
29507
720631
814160
368813
962026
206805
704298
965556
466410
17972
83549
940340
166688
510169
19984
105483
393784
67160
738197
797653
256811
320409
63650
552444
95847
795023
18316
41157
90198
173261
421445
880498
511462
720003
690524
333054
366544
370421
562624
49693
736137
448074
688124
178808
874422
536335
690065
761689
506478
55482
135995
293250
172436
564128
248125
440624
229421
818137
996038
24079
518981
638332
281996
184380
965260
400803
540686
227462
42594
665010
758433
567345
154657
678404
717863
521113
669467
385254
320645
86091
616975
681339
396742
563849
312071
835036
941429
279403
773945
168394
946791
481094
383706
967692
924287
271217
698650
887727
204566
928524
914500
818367
234535
759716
558656
816960
930498
975752
310305
259586
471775
119611
516521
936355
690713
643002
150573
153360
955615
823467
28610
784955
108142
82951
452833
4743
841134
26850
595154
882616
5777
640109
699195
860648
886386
280483
131475
181898
800703
591829
36564
682879
806449
807318
35941
868578
877330
939197
757716
61251
638007
629641
825429
359868
683872
101783
300953
678743
933334
524765
627678
646000
753472
832573
335162
923038
474993
975639
383254
116951
313012
768610
905872
469534
425463
445368
453409
901043
659873
833676
890905
816386
986422
287930
217852
787305
480732
792747
164798
947656
890053
958434
660522
72586
827142
243589
514542
759101
618919
920983
741853
425000
486955
457560
1433
549854
280367
885084
520772
809727
850703
67392
379035
600376
175893
200537
463039
413174
77754
237588
172952
230681
363458
962780
108220
195872
91366
330895
842474
594877
115098
777572
137422
690828
55979
852757
889167
988860
781982
278346
950494
836836
620353
121367
646117
133489
962696
675469
979001
830975
142464
694644
790200
899818
621115
67050
598115
929143
265484
595842
345530
907959
757166
667184
998780
772425
447285
602096
639322
240979
254363
625481
92702
604662
346927
982211
172858
968898
94695
552407
106917
680131
160135
248492
307863
430264
533211
487402
442217
132112
753354
958200
262628
186500
72156
296571
949703
975446
390345
352082
797262
639449
182090
950401
824734
712457
230396
616352
134849
353872
976035
686933
711152
655773
729930
177314
259387
712655
949183
544802
548353
522054
490541
794975
840388
287829
276648
584980
448537
504695
926581
489868
736383
550778
762687
177792
405649
938902
553396
116733
506390
570109
875710
220918
253840
859341
53219
256019
651551
175752
263355
334925
648700
954117
903921
503044
231287
226408
292343
841931
662760
677906
918574
796368
892480
443464
607365
505610
826206
902660
576203
803919
157385
379703
845611
934451
980635
943905
805089
576037
27033
533922
239164
802769
234345
707014
726658
926567
686252
300643
207860
851321
287465
834620
160051
877337
326095
488265
392804
574095
498518
714282
210994
43245
494066
771324
71826
712194
775000
66518
649308
612912
230070
460637
197375
531454
432004
233083
98896
623648
502098
227073
818325
484791
47698
936553
572331
852211
824910
263127
20468
193076
961025
675407
107907
256219
958086
766323
195771
221434
520437
940637
470319
573787
351108
477505
632238
953745
440777
878082
666252
808705
430936
146360
49927
487649
333580
867852
798438
727998
490207
576051
700371
898851
59258
843348
208251
442968
772668
458801
321422
141116
391802
408375
592199
427626
59333
205503
927960
15130
565288
249870
316462
160764
536140
383098
564153
599376
876176
858110
812612
310415
863466
998534
697788
808347
928979
94864
373250
895669
488924
148973
951412
446255
740513
45643
432430
464854
61304
166621
88477
486814
443607
80109
276552
621223
897208
828244
225158
566639
868602
650986
224397
812931
481990
423634
430968
850500
880218
55922
749539
631581
627586
366418
649659
264057
237544
307360
912127
284355
828886
658007
297771
287218
107194
423489
140010
208064
842408
540791
814750
93516
875780
720375
917161
757354
457020
646959
384646
50908
14238
424457
606118
280342
986092
165695
283477
702386
402332
990114
420069
597600
793384
979200
849717
433240
293391
324049
921754
968113
524078
673350
963413
821019
771675
155346
963561
748745
402913
523008
47643
749039
711969
571816
315282
451827
940609
381449
412638
445957
442826
811483
526740
817880
70339
16305
229274
351257
373152
970115
613875
886825
71709
483124
412470
169075
141112
399857
452819
997583
340756
651130
443341
239338
595730
821255
143635
951916
954961
947486
540273
893049
976527
29440
702369
742927
725335
889847
60384
816370
669058
629184
843995
68406
452115
436258
385911
579391
635347
137364
831792
613408
538659
963845
555612
438523
840218
854370
315852
187009
573791
740865
826899
183955
449038
615822
399064
655997
8949
392692
522449
36826
543969
197594
961898
897247
888168
767817
795037
166484
595022
317659
508639
850038
422710
91386
487818
654339
669189
499142
798151
428275
894135
744331
581861
394381
420192
619454
931144
903437
763408
466300
6118
332919
57609
225614
268987
941862
584413
200781
225797
774612
219619
278141
536968
100434
117855
771705
779931
759439
522517
226989
739142
717740
611336
146506
452271
52359
110992
440301
719319
922803
435362
274170
591771
380870
405253
856409
383461
329944
18242
730514
488766
769774
412306
332648
949810
359873
66894
514083
968702
55507
436424
113264
71389
148011
23765
939882
784880
485721
35376
868128
588886
657066
913472
382113
470903
509852
331364
985050
411420
250990
775694
87865
568519
589457
241625
622353
154411
87887
72733
31465
647714
782971
496416
658515
173505
448798
704977
267169
526251
786144
267622
443292
45352
265349
90583
904343
695544
584884
369340
510219
94963
345602
987743
82127
431950
226261
799488
488193
587695
294135
57907
974182
370952
821792
272384
10069
757376
887506
806037
783659
902364
860857
103639
70776
26889
291117
870792
32837
446470
490355
907317
770752
977819
882138
629399
611669
709157
765160
826558
325303
30625
427198
317564
252164
614340
85045
758938
840670
453059
900773
919624
599817
911496
830617
607954
943731
681147
982346
258136
405884
741381
655
665642
560013
251357
71342
885037
652671
701091
262556
642621
827041
938630
785168
716825
363849
365372
529420
436628
831253
702120
680852
224816
784304
627423
362529
516834
713926
752277
668688
875146
626963
94611
685228
218317
26571
231735
40170
875236
497586
198635
187284
420051
375686
642611
773631
642328
338885
721869
325610
205695
454938
880135
199436
885930
760304
186217
843076
761223
930669
937625
933362
430707
775590
450945
631255
530196
315982
287253
845920
313360
150590
361866
826512
545497
892341
100722
823676
403500
968800
828915
700945
887346
697981
579513
410963
475530
614669
837205
323207
760688
215572
346962
700744
289939
186874
828415
82488
3556
116801
952646
571382
22227
245403
890818
279513
590994
809924
53832
901046
98500
729392
311797
501743
522906
425100
374675
84278
375123
333815
157620
214639
337023
323581
897410
165768
535745
504121
585072
196896
916560
933311
515607
823335
832127
764084
460368
467605
836744
244926
103100
733084
55463
697051
263404
180018
687686
679982
271331
500346
402686
255495
592381
489769
795162
858164
549088
940629
746891
644006
965499
365608
231201
819018
219643
723950
917636
681507
433654
526402
161238
123423
116192
890203
995682
241782
417728
273378
445829
229120
705832
702890
116587
152209
635900
100213
968384
971351
657097
967416
568782
657056
695332
660634
884805
137480
936990
423697
261457
602063
98805
979124
155982
821430
438086
135586
56992
214037
381708
256141
164043
122069
25549
51311
823588
108396
222241
823940
95184
457190
77966
997972
361445
655864
701734
335445
474869
834315
516451
726401
901890
979929
916979
343123
884824
237698
292039
713057
95103
333568
827427
66596
525335
37814
971762
399575
83833
408244
425675
621461
327680
496754
728974
48445
481051
440915
641250
519904
442447
356680
203974
641870
988946
230262
130817
225756
522948
181525
832819
378914
689032
782314
636648
809475
100344
288348
142938
279042
294484
308933
211669
917002
214661
534919
6107
593644
230437
19981
911378
415159
750036
334075
484405
266773
293855
672845
658992
470157
567174
529626
293647
649536
968804
998446
647626
859144
812381
321289
44150
117400
858146
936978
987360
984625
407349
179048
451094
471220
29533
830745
560008
746845
45832
265744
398490
676064
503428
419886
667922
554381
779190
996281
355928
394935
486703
133532
9918
646920
631912
774801
705932
240858
451438
466616
893039
277527
626428
288895
447335
510247
640030
404977
486629
173713
279139
788497
322452
680228
965366
358650
324206
804719
223698
324752
633921
952358
550303
629029
434468
316980
241513
906854
712208
276850
748793
147238
92879
711030
811182
562541
391530
41535
322447
37470
705308
539808
616345
630291
584524
16997
338932
499371
34616
147316
865475
343359
269048
438147
712058
652225
605849
16101
917793
815023
927272
37376
878352
877634
50950
765668
865201
225258
556334
369124
465830
314594
85304
933139
388040
534464
697901
977050
130278
298437
630443
643114
274637
796832
276658
188014
167513
649602
464629
875432
505545
6748
785313
228065
232357
457709
502992
136075
129713
583780
315187
976337
65829
216652
837796
404285
499971
710425
725219
774495
456682
95132
874612
441838
262044
225432
233303
411145
429558
77195
511000
280936
437332
894344
85911
770251
64851
118982
881316
408911
199619
774811
971374
14830
430031
637699
852333
386265
220841
455100
319093
836667
919631
69516
594182
496920
261655
138122
417393
962875
854719
736637
743798
643297
967401
594214
342484
579351
594356
754228
141549
782958
624577
515010
395914
497302
753690
143622
265919
595879
342385
160843
462595
505580
312104
50491
73363
818935
831506
166239
294965
968739
292735
807445
609136
962131
560241
271618
209741
102483
988383
41413
976805
915644
127747
652975
671536
566394
111801
434223
649785
936145
246433
408461
576684
433462
690285
461014
882665
987962
76547
473241
429153
489944
427919
568319
312304
145862
84984
164462
859772
29652
100029
102907
362099
242715
976874
763581
996680
217895
658759
394419
804903
720578
273007
145359
996946
180807
851933
370283
620549
427277
30046
287366
910294
629100
456034
228198
172296
407023
95078
911169
218891
715384
13937
435582
198363
884076
219804
573912
55910
623118
269662
340647
907242
352877
436248
878947
150703
395253
591227
849985
976379
669447
885854
606055
815586
534449
479716
854861
604802
11318
414216
458804
773305
189080
177608
646007
345945
702577
865797
859985
506614
709904
588649
670949
185987
370587
816823
572828
910972
756222
131936
120150
688049
131835
567364
986782
568675
822638
239114
583716
607645
489978
584050
886013
362307
101189
905245
161447
207303
317687
684660
304352
622365
511981
110081
240800
684840
881895
782524
649104
562071
58617
205947
683080
932008
169340
329548
291778
341514
701804
898124
127487
519177
765194
303470
129083
535047
321317
494498
655026
646718
85457
94613
208075
288490
836659
757550
581346
132860
9792
932907
424625
736983
715040
282124
10335
738616
256608
329152
529197
622134
513880
160261
731564
577997
176972
337681
601344
362797
224559
510139
766268
842048
259527
729598
212674
846580
157482
458898
32309
309397
718433
873948
606615
835179
139617
168772
379891
298463
480318
470511
873248
741406
943655
539243
958801
426421
266534
78958
493141
981569
339666
329543
851842
363584
118645
390264
460367
344221
906632
652255
363442
729289
828168
985375
287016
965025
258048
219841
466937
146632
770451
50964
50724
362335
45135
993620
30051
469477
496471
44441
14165
563011
276566
906719
14323
957252
532120
208644
902257
214953
150472
856757
891396
464413
784992
909151
95837
657660
272834
879293
21837
139542
380784
85910
101938
413455
135197
559724
32962
316915
931887
697769
251131
459185
325133
344061
107653
77
416709
546487
197346
160844
865592
634179
759555
488370
793300
918122
60524
390299
609780
667725
896020
498732
330042
571762
516353
149109
765585
39469
745083
67309
973608
250129
997987
577627
464691
879124
720491
39990
29675
612912
893053
927223
111911
284281
995944
175104
308330
701851
398161
788580
983930
880636
147381
54151
656972
843909
601905
257748
430867
637
31957
893694
687294
325956
829563
724340
380849
280312
752123
254225
326303
381426
892232
187394
670599
229019
463402
456531
984545
163347
921175
768616
589356
489314
549342
399540
789105
491048
927746
697611
605223
358614
659699
688361
49607
433177
178137
927385
885510
240905
247567
286801
783441
165907
921903
129674
334903
563246
135857
298935
910520
985701
361668
24075
640488
140918
628024
283012
122666
423964
35666
696294
476069
214464
284004
218900
288460
489335
400158
393450
495763
77694
183122
875220
623338
740552
254544
711111
636099
930321
638872
825848
811780
913238
534614
98406
270981
792540
726920
791364
480822
199454
445207
516668
300128
569600
817906
431882
47528
606667
395293
55687
739864
472337
70818
963510
55109
278904
455375
153970
207858
278697
875350
783234
965404
686214
645228
207966
875208
136971
764979
64943
293082
546215
265385
419754
757380
725312
808067
323749
213351
114910
214212
54440
882024
271028
835721
196205
361924
849954
498173
462738
928620
483279
494731
310903
892791
968990
152200
851234
954823
966854
801880
955971
404948
33620
870146
490052
18755
389638
781881
938196
352310
901481
449711
558927
202459
181025
392042
520768
288043
255277
641250
406421
929053
204760
104223
74033
508283
527774
837535
417900
86895
147480
731526
933124
260919
341224
999821
879309
208465
612868
410120
908010
457566
299645
10842
1873
257365
401550
518114
899753
353198
313450
772018
450488
845535
713112
445812
855048
626502
764183
979764
441863
239371
266707
109463
681100
73988
751824
512914
911401
402310
846115
568863
646951
337371
745112
665290
937513
522820
642951
146167
153296
196307
874007
959907
317293
694181
879004
222179
844478
757863
157303
699657
645850
167412
935599
29962
20577
793018
352646
481511
231926
551720
807246
6923
767608
220005
894189
21796
449726
150020
924180
336273
798247
815037
845724
979950
153001
325483
909839
195391
742447
414510
539013
189972
995596
335146
641147
770786
358480
75843
61464
844836
917679
146377
341284
216759
691381
729644
478710
484202
513685
418862
360215
363288
874723
529134
166950
742758
798709
428670
697043
93886
288705
786125
865325
54767
463036
102108
48396
237826
923941
338980
33210
411498
652810
508858
476485
998066
271698
421877
531304
221855
216771
811032
364608
302959
456865
832557
255807
774878
559026
796475
103278
228556
354381
450919
736523
729476
653683
838479
86554
618339
872852
650945
762462
51230
78761
880944
29148
388664
26794
606016
699238
625023
74195
208378
238930
208772
422887
693189
860746
986615
992386
715666
83113
67386
648387
85287
21099
489999
116903
573504
585321
564259
672692
232436
367057
6880
417487
904956
499956
246785
68134
718439
973529
133670
559344
692075
857835
774001
226966
723698
49607
239292
771860
16435
366421
284183
912506
250107
129542
42062
195109
536884
757290
278340
489906
799413
475138
518222
14131
705598
847739
804058
777420
660410
340049
760152
798985
623805
597254
657294
821368
823568
175417
477252
902635
454819
490515
122425
327903
75171
765266
476673
795082
255486
308479
581055
699480
690917
2583
244431
569566
490918
967737
845027
292306
480674
804607
77308
510573
537069
415561
701348
977581
749006
472969
780619
962728
877486
167526
413601
155543
500028
56678
745141
297406
993423
115691
312248
69058
658888
296461
464366
118504
994204
880416
203003
759987
985423
356136
934684
970327
328415
323784
43223
208200
917276
181662
51130
326215
837544
148538
887449
810948
252231
299539
352840
769105
750879
902789
459160
553413
368050
439240
814016
634779
19728
259459
78571
94620
543415
895859
797929
224462
135388
544123
631166
30600
262752
933985
612251
523575
37758
543206
169769
258590
656604
203910
551438
955222
222614
164691
445907
592682
347026
589742
325908
94900
351864
553817
731679
432199
376383
477265
283301
617658
468209
300324
498092
285165
182451
604680
977331
725256
249380
206487
572244
846313
679987
612880
2263
990668
698877
27563
146873
723698
373377
427277
684537
392741
810517
577968
795324
997424
46015
702338
875419
263460
998436
679790
678415
132122
560316
209306
508756
608951
352511
383338
476040
805641
782119
835318
64645
451475
710136
551512
444806
957197
519991
29990
321187
677199
964741
593679
774896
288145
966731
448722
129979
845004
508353
455680
591954
365489
377521
969326
828579
474624
460675
388828
794041
9225
970756
771760
908891
610154
945628
633083
793252
651426
570024
161180
929784
67336
450362
583688
528707
618973
135083
308342
929693
240191
673750
543567
435606
824767
206433
835442
40868
580561
755622
473300
839673
134879
404421
514531
248949
275299
909994
504263
541066
379164
134607
392413
176556
181828
721630
874100
928072
54312
524831
850526
350904
923304
211349
183300
130695
233794
298104
768386
117209
731334
366854
102264
979692
394911
919315
285471
68349
843773
598342
713111
17882
633654
489722
339115
919029
78514
786343
390663
245502
325411
635881
457336
690161
651542
777579
462127
374645
614361
7306
851388
443823
634701
449112
208807
394938
363528
973407
441325
812415
727092
576057
336231
957689
512270
642114
33235
6639
260268
846896
219566
71050
963799
663204
576583
639832
354353
163648
61309
625758
64792
887641
954693
146271
454431
220655
288642
837877
499874
589143
641776
963799
537666
690621
38598
158910
385960
539474
964099
506799
563149
366826
957560
346202
542227
876370
147436
475241
239718
159791
777505
492205
619518
369378
38702
150902
212947
112869
431722
776139
118448
921461
658081
789583
521293
63805
837955
599404
716218
24681
894087
697924
849364
987852
617789
289967
963904
61143
123903
363869
534129
126141
226464
421468
23523
593401
949568
964057
947686
433955
296221
964685
716274
547021
472075
718509
500829
891811
417651
398275
16083
244869
23593
862116
631083
279388
628708
789483
338980
500875
116704
551975
378787
469849
261849
686103
432525
493385
687942
209991
376418
731620
137851
525064
822937
605910
660739
117441
682776
813200
263700
629521
260176
789615
181524
533403
75917
618860
736940
476953
154227
189865
439432
455744
746512
381833
46965
229634
584518
53991
801384
654762
307084
623445
292059
817786
730035
773115
928103
132502
175104
169682
902102
742008
215922
535369
715353
527601
598627
834953
663834
682809
261585
210779
764062
499972
457294
784487
153381
279138
112364
327899
928462
840934
438263
73542
151060
488138
830315
703909
765207
93059
312433
644647
279526
460104
511162
284798
333117
645023
552715
583474
932059
486696
116575
932545
559089
577204
746205
367951
331856
518995
406007
994156
690277
565936
881363
966923
516130
200359
771322
971277
597524
521420
409888
1423
609183
844245
85600
470871
531369
910813
825921
938829
985824
225490
176092
591043
290848
470639
559135
722566
230936
586680
308175
293726
740761
289284
20101
24596
780939
179109
260595
449322
765064
102672
256041
625702
270142
550461
494397
653818
589696
66126
517408
995037
77335
94499
948488
753267
881720
106312
141405
522754
773841
225012
775627
595372
788355
97413
248670
298790
34696
432251
396632
732788
709831
579263
45988
331341
963880
396419
550844
805265
670714
203116
83614
610160
920868
489608
935821
296540
72789
637194
348250
99032
1011
961004
189888
199286
408262
424126
596389
975611
363672
157366
876196
877918
774475
250263
319034
33596
959932
861813
462107
397463
67962
205201
282747
558897
640956
819651
622659
718271
87248
108484
934834
429785
305471
548653
126668
890307
253850
217120
449123
214571
417060
921256
444101
171763
303069
723922
964582
603672
952400
731817
81751
873533
798148
705189
831292
72159
767935
790017
107373
615048
457463
676653
885822
178602
473709
958349
644388
795716
858408
615971
764311
687615
78452
654041
431901
905847
526418
104428
787229
931264
497816
215699
849282
818914
138664
444195
335917
133602
864642
996389
452313
184173
521610
908641
321979
85108
62240
669098
948350
261019
616411
88099
562466
805360
865775
816616
543884
508276
210739
185069
773388
594162
446710
867522
847773
740155
17382
665162
729411
602518
716559
514439
709532
594906
295104
443321
767556
47691
499651
206529
374683
706386
415015
295180
187127
948614
601260
646758
263946
371158
326253
983146
996455
236472
63396
669907
544897
244648
249515
607604
852621
858979
208114
446740
309745
991752
448782
315787
791292
763993
490790
113847
50955
399979
722303
206758
786160
427474
664976
113616
689447
109159
820708
411808
859784
686429
419233
897693
588817
454447
344270
282337
90904
965088
898924
882528
289208
170931
850494
123223
834192
897085
564967
167307
231258
603248
627190
352369
512736
283370
73956
677564
319421
481196
244867
104267
850864
51101
69431
799995
935728
918695
247387
319044
821977
307617
716551
378837
651635
216905
86832
796699
383826
699058
295478
730799
190159
490907
899549
158222
901261
356506
413046
898000
829486
175332
239054
435183
236106
329677
492525
964673
12736
925847
565965
611958
865216
362473
550902
405079
294323
265503
228382
532936
531229
624410
941864
277102
652527
308264
642488
58571
464048
446877
364210
549468
451057
844351
461225
126609
885874
860926
740314
96352
654017
910181
590763
173933
525705
480397
639701
126323
331476
875282
917817
522010
428813
898673
765408
186936
849575
562125
221238
531646
913414
467330
458711
850012
217821
437179
351204
23134
768019
462469
896796
537873
930219
739069
99776
94858
655743
123276
995424
244017
381934
134812
485401
713679
472817
953233
735314
268580
690873
349808
415338
629423
432885
182765
652079
658321
868136
655592
382966
128278
146356
247468
9318
434258
794029
130804
343708
397812
744402
393382
84745
447370
200630
23916
163961
766060
727872
609323
10530
764558
230960
185292
929880
469076
68007
468184
813614
924774
278598
940696
748508
146362
843578
501917
352471
142939
694840
86564
515540
426757
546104
917190
252917
985575
471575
952696
441866
803384
532741
306821
52576
844601
254619
761725
588465
784726
857864
667971
287397
236349
48331
550948
779765
524389
626174
87710
64231
17898
356172
440985
45697
955183
427332
200272
990953
869816
69419
925952
926380
664991
771788
724663
555050
223898
279358
547910
954762
584612
800688
27302
503441
707605
423511
856787
804504
626556
765241
718961
572134
272759
901965
421879
178537
209122
38120
315710
341205
280351
991317
336845
332845
255872
6154
869856
101173
111532
70473
360135
893354
349967
654883
590870
681597
956212
914897
391199
736887
977294
388067
499773
456923
152126
73668
651570
992645
739155
794535
440066
125881
326471
712529
733176
244016
704889
271317
935651
912004
339364
480732
855507
422591
33576
236629
125109
908849
150890
369769
224425
38497
862932
218578
57888
194158
386793
747219
597666
238842
577903
994901
408013
379908
280932
201567
115385
947699
871984
589746
945691
73607
738809
36895
369426
637903
383715
680089
89752
962336
406088
515782
127804
881583
221112
834189
798681
656064
656420
369274
651316
559307
722172
809747
844437
601475
558675
682366
761856
999678
895625
8677
381160
430486
67706
605011
521470
325684
550070
60153
142465
957168
331376
945150
988059
516922
634388
832007
580233
156631
854416
287572
361503
684846
866109
850614
49825
525495
246136
860982
597371
801449
168832
896267
532162
714388
506465
486120
333453
368966
302671
568469
723447
789461
358917
416164
401047
396109
273320
988950
395098
741721
801307
461119
210258
801139
341273
124577
485196
205663
267510
674382
295624
807614
14298
926269
697105
435002
658710
488434
220967
571957
657587
88346
389576
99945
107226
199953
782639
85742
35302
272552
274974
90408
239899
786160
396647
213144
740691
206582
479746
394061
165110
334124
989921
162487
613132
372473
742573
882472
704426
604935
922112
387775
406938
260583
438197
271778
104288
936865
757945
601863
634312
100423
731112
353705
905477
211565
620271
965547
949890
76700
781983
328533
911434
718304
622468
439670
10407
600877
772570
739685
726726
612087
282864
494497
651656
230468
337592
571787
741663
391985
75621
847125
700787
154439
638206
617654
732079
531002
368659
185995
427654
72622
773184
215843
864468
532451
766694
836727
12275
215545
947741
338897
518321
401426
112375
84540
366218
584967
630333
336925
976854
706459
663194
129275
605740
485864
538622
632422
794899
858980
445354
460192
982442
853367
676369
547752
401444
905699
858901
787542
498565
286746
277532
60288
211353
801330
419850
254290
774431
206936
983720
833589
301637
592562
123557
330766
49426
241252
12480
527874
831194
639871
431979
492580
728280
296493
773007
210331
926032
441135
770314
974821
236707
454811
453967
989042
914356
492349
229735
315208
487400
845912
597199
748133
332708
342935
718731
998579
279368
531152
796517
520256
646450
685059
247590
873226
121760
560920
903050
959866
496881
628174
776421
690308
168011
649082
472696
386679
337471
180957
576544
326658
786250
941834
539826
24061
832639
899086
731510
429216
111640
269629
845789
605252
660456
957174
667604
899463
103651
532819
514933
470568
394223
742899
639863
117722
28130
753253
586340
148492
608940
846689
154758
816497
410453
26681
491454
966540
815311
340787
122708
823279
579519
459649
406085
971219
436427
868290
655168
405647
138847
799980
813495
676791
558053
748291
835507
172193
82720
367761
566131
570033
569298
324211
653356
530707
526690
847076
158406
425430
769775
689885
840546
524649
478678
201690
955150
730481
619381
597307
511156
727838
52191
523167
623718
277714
177817
37241
68913
261534
502734
359983
110433
611171
817089
104236
606842
407375
307858
506357
713617
84439
107126
770199
602198
3536
186506
648412
295446
925382
462117
305778
687223
574272
49778
90316
315069
974021
809845
987905
713604
939073
524529
232952
466404
622096
217294
579811
928907
884081
502206
720378
701593
916139
76495
252145
704670
25011
774752
12904
652832
768205
206878
81782
575147
786608
680519
381944
420996
167922
84264
416852
746497
255928
317220
416498
21378
460848
987802
904156
181392
869444
789055
190946
288259
211578
513443
37649
329141
118310
700885
405584
58360
897489
437676
55595
250623
865392
127856
754471
87577
115307
256780
394826
496905
859376
895764
122692
786730
253996
59484
528322
514732
435949
402204
906375
397905
126454
585393
50381
405968
974914
132962
96063
68569
834100
489827
614504
211288
203534
477822
616242
19777
744623
500344
140291
282365
621309
617373
181500
111906
151823
643612
282198
449423
67489
775723
318206
842354
183176
275618
315344
856433
938486
170161
321430
558048
608113
13138
706151
482520
181785
932959
400473
21975
699972
774268
989993
22848
891879
542876
742041
864503
995405
570959
983461
247896
910431
642714
537587
45589
642368
659242
855765
160103
742043
647651
843906
515479
655872
782645
998362
674236
127831
602677
817116
490181
546605
605709
129586
756158
752571
521651
838583
534120
627852
556510
52356
441807
171587
436902
273953
687176
682075
486663
533863
849094
701631
473062
63884
663674
818746
476474
595818
73371
29212
823689
295332
813492
486324
314922
258284
781998
517104
155439
805995
499655
994828
26988
163566
706900
241288
685413
43171
303983
715692
960292
605203
750486
923193
447551
457026
647485
32259
250370
239333
234852
30289
113715
265512
168347
170251
993710
375391
778319
339762
741104
289619
292723
22538
37141
469250
478669
485560
492479
804727
411741
745120
734489
627950
174701
927190
721532
515551
113583
722859
680233
532782
13193
349005
807068
491837
461306
270252
279184
328471
654509
545472
322541
873166
289911
738383
603800
418825
906180
579593
347173
148762
799345
930141
573421
395953
453444
196902
94348
995324
882571
548021
857488
820651
731641
440341
876300
720771
174426
588075
88295
714422
493382
566568
426669
374248
261753
865649
63754
267463
874596
377452
132023
973388
752104
296010
410239
455921
500678
897345
381412
142593
778852
232988
582032
821799
828673
162145
623026
971347
470265
98438
299620
48240
569598
413740
192517
176176
378781
566097
577866
18276
528032
766525
576006
177595
641563
493418
745428
372943
602627
242443
245857
486030
171521
187109
563325
290381
709270
833235
974178
290673
886764
876294
542184
230513
137354
67709
360373
941314
262643
952187
426118
631046
484325
284281
477231
895916
994138
672879
768043
442979
509198
182459
963436
129122
610150
196585
384829
935956
245538
599739
813473
986694
303603
142761
319546
342855
798653
399830
55466
714076
599214
946917
730286
969149
645739
64576
770574
412507
752242
933407
259025
682684
444523
940097
915811
178554
731292
98
173086
960526
693041
859002
735202
280349
935698
270212
735627
965271
683638
280482
970489
682917
254568
392453
347563
560162
32066
297503
18093
836647
617942
9612
482075
686582
816635
76325
423435
958273
737493
837519
575773
99972
158787
465091
669652
272187
30934
549655
886315
106952
480081
992931
225386
878275
251056
984819
155871
602208
311247
588524
678093
738407
500167
765506
663181
909885
9973
663173
240806
322207
620141
410661
699645
535220
550464
78066
301369
231468
711346
51805
621513
980781
562891
725969
487566
636574
173532
592303
74765
331672
753587
340223
789451
957162
435493
425920
181505
950396
770923
696599
519777
749517
229504
62444
654548
393170
282278
307851
663242
513753
635758
579853
173532
709600
206564
144160
668514
651554
519036
478472
312952
724644
206217
113092
938542
730156
229609
745124
845467
852172
166298
997526
169572
610382
336638
631322
450944
208745
675624
826035
558714
19575
642813
961136
846223
949156
665074
588902
592405
192121
490415
262728
214350
333761
109345
642727
115655
34772
519500
953552
551997
792642
239371
794256
702559
919465
621492
149305
896599
176728
588825
669242
52778
421972
768554
871508
378476
306937
112758
113202
153681
514718
11766
944393
392739
409890
442573
847686
643212
925510
549121
501403
593515
448257
311148
294221
421111
894366
110177
831880
391270
41051
38828
371907
770302
504471
487238
167877
984949
419974
491741
561815
361963
184255
618083
514796
31711
992288
970729
358479
715142
17196
871134
674657
20980
436759
138878
928873
313015
938514
848634
625253
807351
985383
81657
172670
87368
87084
605677
325474
279807
372003
838866
885589
615930
937310
733404
677966
603774
991781
877951
947698
194112
21366
389443
338463
56623
996899
70373
47955
99416
595191
992830
965547
507363
720271
50629
1349
587802
505236
804519
422327
443039
825747
958234
678239
244104
351489
836189
982054
181713
178280
265135
339808
474054
366295
252255
519704
148994
459646
916093
306452
454069
968316
178754
646561
274631
371077
168731
413680
802915
529766
993111
736399
418713
367099
33787
507362
800803
564355
975465
897699
530135
769641
224594
667730
336292
105192
366189
889907
707285
869755
732663
829430
58503
912129
726471
643848
931984
202592
744223
255495
870769
198216
96402
752585
841066
654412
220171
509835
834607
363393
730826
615483
356899
875471
782544
104366
134636
321640
320019
348905
218171
528523
70342
543178
574032
441258
747631
906728
892077
558197
469716
242681
622088
121894
631086
765858
382424
83476
584368
700446
991956
144206
980271
125634
699747
92223
683384
239772
757281
470449
800886
755373
524633
316586
381243
572293
329380
600725
734907
66621
958498
539984
53152
100919
613110
949843
851750
378185
650446
712777
865308
107288
85124
893475
287857
564976
637442
101956
626685
311090
164156
263694
467358
678833
584914
190531
769996
626133
696310
959275
929240
413927
45836
742383
71001
220375
345593
425306
92714
385463
596564
781453
355938
556699
465128
647109
436818
754275
905
352479
489514
278196
444719
910885
965563
939434
685840
987740
638195
557917
355436
479765
322144
436030
36540
312809
347547
882806
297869
928415
396036
500729
938807
541063
297507
500082
235174
23520
666824
841681
410444
7711
526054
83103
787211
775443
153864
509508
270631
750048
597929
906744
477926
345135
879347
740745
307576
466611
274709
946905
603438
707470
663951
484959
404590
946496
972599
12275
786503
873319
845692
265694
300308
866378
674218
404394
428118
353875
469438
107251
602190
45018
345282
590255
440024
285154
944963
971358
680530
124500
906720
497674
850786
210866
634384
466097
226414
635008
485028
930957
371718
664682
444212
191237
686144
281269
346300
447269
238171
762857
416350
519395
203458
405227
130658
128560
235050
679521
737854
29214
461910
745269
907839
183540
166480
453790
111701
950878
950645
585086
855831
764210
651748
84944
376502
434122
51717
690457
468756
966674
165186
152603
613441
77230
506719
468695
839681
343429
218805
54601
325303
353259
441880
998194
589659
96043
18278
403224
863631
919832
572861
171421
219597
135489
303533
755212
443505
829282
560878
897042
4452
880909
314329
436134
285676
50441
811586
869285
136989
102303
497624
592231
33114
328814
611637
334527
24658
111673
937386
730071
324868
850639
22
730893
996831
176681
466510
373369
803764
694098
116479
692603
28858
52587
685420
961701
670614
138152
533018
39644
945946
966936
87796
952086
349649
999033
351814
714341
577019
927818
589903
352042
568869
479129
775804
184650
714709
971531
670898
474756
34165
627396
413052
699036
126534
834480
380136
84597
494989
869606
98715
507590
878017
332166
780108
587513
717109
129858
907300
405197
811598
324
137387
180425
780942
599372
788009
272947
652720
755657
653120
992112
544186
961818
859645
380464
888244
962259
745648
693686
36525
700886
566768
329541
437358
390548
99144
414237
743354
768450
900841
254824
7507
492889
75957
274409
937654
155855
807902
372756
891186
173067
219153
761616
932535
453644
187261
418542
993674
96976
620548
645459
648560
890916
356772
107908
689970
768987
519090
635287
639693
396291
353729
153320
953931
81466
136891
106547
509225
654418
938289
437256
875342
850122
215792
306693
944973
992821
600928
700821
668167
467440
546073
339501
31891
278186
111865
26530
275911
770906
497846
133627
497497
120986
124744
564364
221822
791295
509657
522265
563620
840
58600
514396
34814
181650
478924
27204
641291
411179
594212
889466
445970
383707
868849
121165
679983
528542
902329
311820
140879
146727
525998
784705
239824
856927
619373
394657
901878
972955
428364
346074
543193
585230
986781
881700
107257
817528
176987
25315
878567
844525
597415
45596
206883
10144
201751
259128
208363
981786
986538
149245
198778
937998
429574
942847
179009
678498
668841
514326
430721
96377
234973
936057
488287
975124
142610
117014
135816
336323
951111
692759
783389
800942
755027
849441
703944
891028
296230
774249
460043
990330
730282
1187
239277
382250
882546
985871
519937
143734
817563
535360
283985
538053
571255
644734
199216
49124
37293
455425
628804
439280
714715
214286
127423
994040
812164
462880
814310
886542
301823
147727
137872
812738
268347
843035
409979
490419
233468
850077
912278
777475
496290
794149
958101
233087
280494
521202
403207
69842
810020
314603
600762
114642
940972
96812
567214
488064
377716
46692
94384
774785
504343
519262
480055
896062
728783
189376
843781
538740
137718
530173
544170
790926
511425
130921
544664
298123
574325
935354
976994
661945
236060
396727
924279
629028
569791
366797
858766
810121
73521
201423
643647
380151
264841
834855
593292
242633
600769
68053
295145
152876
890365
41948
986846
71245
140164
85746
821460
449664
388015
354738
463605
395785
330745
780888
736670
683829
516460
542857
275849
89521
420960
744857
475925
583634
427223
581798
498891
758566
229380
534815
565558
864817
342091
506892
366527
692773
613354
429520
143203
392105
532041
979502
89897
541149
257830
969698
180709
726678
369450
199525
673206
138679
301114
17015
690852
563215
825200
146388
971331
131871
218651
11386
170769
262695
871408
600828
184717
211065
183733
33096
739320
260324
865141
783053
539275
247474
787447
812158
444233
593990
802614
182467
103730
957095
123243
749856
295074
406061
400167
763219
328646
514110
844968
450987
124264
667614
686469
243192
62834
337951
917627
86310
602158
410904
153572
731722
194168
339159
663689
12101
767427
774651
895917
512464
229044
14011
242079
995528
561347
961492
478003
353087
899192
17244
231765
840771
126026
866642
93859
131790
500502
587401
44381
403063
664260
641761
121422
589915
232426
182452
835334
589500
522422
811439
115004
9765
898153
208961
390702
388859
927515
324119
979099
462715
8147
441077
880028
460623
990736
386573
710569
850680
555251
747083
847111
975974
894094
544794
15180
663120
352920
231995
859001
644518
144814
258959
792334
702191
411042
53644
159702
568874
878742
944851
208725
252231
832168
458206
450174
314556
810465
87777
65607
48479
957685
472142
603293
625023
778516
119408
215116
488442
772455
613122
825534
624789
734402
390462
629864
659128
459437
618654
944248
390702
7370
580401
494289
127426
770616
36766
228226
467690
228518
556338
990984
169247
533940
986561
249753
483988
360319
114217
246558
892653
477820
648754
430721
10830
421648
681516
321000
122877
403327
632552
546835
751327
911182
371057
777697
384101
219526
725089
448183
453607
547167
858978
125372
126589
97466
858978
841890
315111
154366
314296
826981
581247
208450
134561
725525
915254
584450
311423
278424
417792
101683
357779
547054
608571
481195
482018
11288
698693
145182
628597
332578
226288
289624
118595
744892
685735
104524
89029
569598
714433
585371
389082
699663
432710
605719
387197
263794
292021
273314
433557
825526
838848
593026
564916
97996
149340
136618
228043
510786
795716
937822
824491
646335
817128
468016
288770
58769
922128
893481
65051
762602
609661
541242
528356
76291
263197
706454
704212
340566
524266
158628
568603
976161
255375
194702
266106
791972
174423
959313
556170
113908
257894
110193
355305
627896
628898
197490
609080
115242
960054
45422
909087
451127
495255
823410
98518
214409
522948
335328
841378
170348
705800
637999
717466
523088
83749
506781
47161
359593
370862
249871
340180
168672
437613
780676
834323
818409
616772
649244
912264
932441
603180
559569
916515
379783
188397
691807
793016
224322
783314
41211
451617
839240
968457
64791
213204
486981
939261
327423
519487
692133
284442
691136
842769
29845
403862
728319
303846
145782
32884
346800
874820
948989
428974
120315
677499
51208
688471
310480
914446
633991
65054
844230
91084
551411
639916
823056
737422
538393
695486
483296
79266
485383
297837
262128
962209
885395
719820
22823
575972
471926
912115
430620
377151
402172
804584
199971
298053
835787
931130
924107
584220
737401
308839
608260
679871
80022
216916
992238
129597
736949
729561
512560
370286
79986
474246
817965
953267
281568
211430
380379
801032
290072
154817
433363
439256
209141
959740
355450
407165
277952
248859
981739
972611
817838
761911
27628
338221
838660
636107
579640
462014
588019
537093
281922
850611
997708
295633
933926
936984
938676
987349
875867
747286
89285
828832
507247
510550
586973
513024
811960
805030
952651
757346
266174
19405
70619
168059
112559
923069
101637
227421
578297
766843
891866
697830
67489
414110
459548
653020
316476
760162
441460
162185
963754
101218
52314
520258
909638
979832
220632
512522
278175
570565
820351
466011
98883
911779
269565
179979
253788
356312
588627
772254
655752
848063
344127
406222
289812
891703
995259
576353
240576
27031
56392
604057
104994
978028
528229
55876
394410
395780
746527
526288
75185
987178
939926
104794
795705
18588
971854
619435
35061
537419
982947
500454
920659
881003
36101
863840
26695
907528
722025
325789
209995
949533
237214
838643
279455
757768
184361
19543
402951
11358
623069
820843
26420
183629
639550
783107
467650
502532
482492
424760
436655
128412
887053
550536
83963
320413
777611
618678
567212
761805
865835
710580
396126
127739
667475
439914
405743
179790
388839
566429
280575
625577
606532
971439
214167
30091
841590
471000
611134
647738
623406
373228
437283
570115
132688
629487
365028
432340
108131
500689
973534
110605
608239
460319
427254
84376
778736
561801
243775
104880
615414
292447
966305
472564
980781
491819
835450
13919
338940
926203
279997
773528
282428
469154
104803
336027
376225
937464
851087
199635
325117
916024
344540
892236
293344
926319
73380
713502
781531
826408
399190
88111
691139
43529
849598
327252
482916
9445
977394
574709
479453
687034
167954
395973
630749
959987
146156
434799
516431
369802
241564
745141
77642
948801
266275
423846
492380
900261
926724
71261
39299
232772
360722
4034
822955
518503
298779
746281
779204
121628
373316
639942
819185
766298
120839
389668
402731
300713
572458
864175
632607
79867
537344
141380
441238
919396
346644
831919
116776
630443
331866
911729
754403
9858
430340
902571
488545
735890
694015
246532
236851
755086
29809
367633
907179
738773
906151
293194
382945
87974
503299
110003
585319
223445
235637
595514
852805
878315
99810
580728
430413
781410
8847
677457
378219
147048
295348
256390
447214
303973
85481
281
550986
618395
282641
954171
385229
248228
397120
131737
72449
785203
191085
147171
442143
784099
125419
863642
286822
896691
421744
508236
505502
54433
523552
21260
526065
446493
262971
670171
104624
850008
99998
716036
544603
182213
63365
513756
546408
988895
766912
865596
505587
942176
964760
852150
587817
108180
724623
581176
393308
180035
688306
241521
439186
938412
780094
758687
717409
637826
873398
886315
24994
583479
318679
497859
64058
667189
464502
676568
250411
781649
753953
130539
363105
589889
232932
981971
598254
302306
784124
795840
432401
684155
840909
587590
327194
260322
270440
116630
568933
693845
895722
131071
74277
819618
459403
147319
576691
445928
18575
655553
93439
372791
940744
360790
27492
498357
598263
766214
935085
827065
860838
788721
196270
241781
437634
983681
692374
723561
176810
202086
771289
28965
802937
444973
148722
443503
570499
665625
296417
384608
129937
797864
250941
705287
647759
77532
914027
50816
489570
661078
13347
128287
180269
687151
91916
471270
543061
12348
390579
575009
382550
293210
669732
357592
182720
244520
54380
396689
856571
336006
884554
215689
478268
621969
282185
885982
521839
248144
440125
356701
644367
795979
17228
656155
653231
655637
28980
164721
465353
382650
212410
691300
575706
753543
424718
242602
155362
396527
646068
427919
506722
333546
852169
878298
851488
179694
629351
180666
988160
336890
1655
642470
386063
331313
79151
669383
620023
82545
618112
141982
649107
856992
179212
364680
836752
68952
97860
774145
279107
790438
657671
579257
296751
110847
709113
366630
870062
810865
964434
615400
543630
531999
846797
930405
977318
910776
115539
249791
441798
724348
193670
149841
755061
159820
701899
485363
553829
501234
315944
882780
523622
974597
23102
953318
645601
853626
76686
864691
891543
700177
832322
332109
497936
548284
630642
793963
973611
183780
431436
819807
12216
852233
707147
603842
955703
260847
48059
476120
202323
370194
42036
766591
833554
584927
518960
16138
30161
512416
768813
578720
227665
757632
613176
54235
549156
698860
105477
163600
526206
207893
859933
393124
627425
61746
348496
368088
735080
356661
1593
867178
642003
56459
247726
959787
80654
84373
646459
402844
683989
704075
500401
645395
876621
937064
683902
5015
92845
823429
317751
656623
67315
561229
869652
623179
456327
43202
818318
421246
945992
942947
129789
591912
346916
264891
991511
752298
285496
70038
363809
344672
475079
580492
169930
47258
433805
108733
742405
60429
8568
952631
425026
146916
914427
832656
660368
535454
911404
546688
296278
846454
274175
21418
613075
82000
410984
438586
447613
682644
393486
538519
200175
917283
352015
171715
677647
240267
581056
763225
578980
396598
382863
925307
460280
361481
645840
842130
242495
211422
441166
669921
197831
794103
110317
697208
630591
344406
432344
951973
671098
707147
252961
879476
38789
154895
815335
116543
296345
655191
186491
295214
308342
482268
831269
991680
764457
514389
72289
132691
753237
464005
931517
998422
311436
444511
651497
140714
560143
989905
311013
239472
273334
638281
809686
176144
653414
391925
857001
243444
540794
790752
792696
297485
853520
499920
232333
327936
275939
152273
129954
833548
496626
931113
321785
415080
8344
215351
785930
482630
318430
559169
51712
516255
522536
62234
178192
821590
869553
335981
804574
140704
748082
75529
603676
740305
850917
361525
72129
474599
388265
442948
936489
886411
879937
911317
702013
442309
163330
999083
192957
385992
351343
38823
99522
473121
834104
884484
929803
473623
764815
877198
526668
485448
330921
929617
655379
829640
795017
565139
301423
52835
664430
287025
855858
165329
66861
674739
290509
663027
214479
356863
564837
1032
560143
410874
613593
954541
137794
471904
866995
56732
703078
446744
791437
918719
405155
61907
18573
963096
849852
634494
499392
206491
22568
981481
808678
185866
724466
618306
125372
299911
636998
161476
680373
936933
361872
198773
862916
195400
736740
510683
820794
943175
336988
831944
970654
294849
636920
700469
123944
849506
364396
249474
835381
525144
165554
766973
487593
372281
443345
317773
203438
527256
707697
730431
765404
16955
993801
772351
615475
605181
694654
186577
72198
244893
753567
382042
270821
947264
524697
399285
793509
915524
513643
259601
992296
390336
937648
931688
198997
171039
623742
148197
288165
615048
192562
464551
206107
709612
96975
287419
984945
821840
171767
143234
931463
376395
348953
460126
631451
256242
578477
294711
461965
499363
245677
820240
474015
344506
31326
417134
19567
878371
250941
779843
650912
923054
253557
392018
593004
886938
593019
109893
412032
85343
868101
480985
270028
546733
398363
552795
4856
347852
332517
483492
258282
74472
945991
229472
75786
357558
833250
64494
635832
413035
413045
918015
968078
651572
723518
445823
620490
768356
120217
572849
653635
134841
481224
660448
224431
109206
75606
339574
85629
440201
688391
424229
497765
814984
104704
562288
136384
449380
832230
306909
438151
15923
393071
914872
61300
368744
682328
497324
693022
86374
647841
953540
494581
112381
20703
805467
498388
912566
303459
378625
636951
876954
497672
300987
805094
704542
797354
422845
38597
496702
616794
107552
197782
273217
841897
363763
105001
650900
68432
66977
465215
173537
800144
890430
321950
659043
299118
438055
223058
61374
762979
808300
404332
595930
970449
162301
393595
768571
302284
869380
275040
38529
851268
96547
46649
569800
8938
193033
226091
540244
254997
511343
712988
667313
908836
814937
665560
679072
810091
88119
101640
400847
464903
610727
747476
350074
31306
95399
396173
741257
710695
776520
162134
768764
447490
781648
558377
630996
850531
417557
523341
463536
721338
735516
916995
25624
989269
379590
331789
66927
373661
229816
351937
634013
575287
717339
594413
13433
908776
30099
290883
37649
494701
980700
946119
278630
199072
725469
851508
632716
230413
683618
333119
479412
84935
111374
984858
32036
911793
579253
151456
116990
658139
336711
746041
887937
58391
889307
668355
332932
560416
239252
603765
199678
659007
558375
100520
964163
544849
41203
87206
281123
451397
385719
288392
275184
37957
265215
279826
370305
316388
457463
199292
649049
892987
161118
899759
452385
321369
756866
455679
697236
288926
299108
427265
451085
805851
319936
671565
919832
779270
226675
683600
678739
838065
562494
112880
30981
763891
220987
416541
199029
250567
65984
569840
856542
177033
144446
724153
889791
72980
42624
771155
31097
382202
17963
161181
807197
445747
50617
499495
844401
757168
751743
202596
800563
389303
357047
799
981527
783361
695205
40629
45248
792298
453488
845305
383564
103138
40871
408857
714550
889213
421536
81575
348767
738742
352310
288876
671351
928458
276620
363255
309424
367657
795297
721682
478807
803389
463245
102217
725066
633491
289781
623709
374774
14564
939752
613188
85463
248205
182465
393361
234276
550943
539282
38971
346699
602533
109074
313092
598026
404250
363540
494914
931474
806673
451450
263753
401628
208845
462471
14329
68985
645296
540459
829563
943067
868346
955473
240377
333732
468053
376327
852618
394307
744770
553548
520868
505033
83772
12087
795070
811305
463032
829481
275721
37571
681941
639640
905987
299992
996819
688194
630221
633880
796696
663844
23940
326054
312497
337604
285412
1038
936115
382009
795543
988553
931924
711900
651791
148008
319916
569224
26436
512612
450210
289185
525601
573644
957909
257936
867192
384715
774336
461494
255647
960829
796112
332987
166399
956866
385380
228302
214175
132889
89385
363506
328327
534166
571424
759465
823424
623979
268290
560308
744083
693971
209185
719820
379856
76712
648207
553961
554107
914111
33875
28408
501417
845381
675005
210245
520625
595236
395968
395913
262798
166023
24426
867575
547919
468614
536060
314917
268788
317881
610426
802564
250181
294284
403393
605743
640922
998627
800601
44674
780505
651963
157173
245092
444102
434302
985153
159461
142210
357332
97887
188447
593006
771730
716898
965038
625270
835670
319755
635231
371708
411515
883629
38549
387790
474491
320171
67644
416822
865883
6210
175498
368519
226995
773582
202269
305983
524719
251008
792609
257579
136798
469620
980038
16688
725814
620960
809051
455927
889104
779196
956947
888692
581956
525834
212724
834437
641353
283934
412409
600638
288660
216151
650742
984963
166943
920371
741890
937334
707832
611760
313323
412320
339934
890759
698701
928725
63978
366313
284327
850781
406634
596089
49231
607642
845881
881173
45345
329595
954293
50566
262550
894596
887619
440754
241103
253313
987274
577377
559864
735598
553269
590035
525247
260854
830935
541076
80703
735852
896264
568134
843153
663317
983185
898352
251216
122744
388998
910
411259
677042
101784
140270
401652
215547
218408
717148
258452
877177
66937
722796
45322
653536
356886
458566
183907
588266
525829
367276
181726
377118
199237
336497
17125
621420
81949
754799
297872
676761
460850
117188
470182
345965
976271
375839
812297
759756
949203
13594
200087
697067
169598
900726
86385
185440
948140
141955
412035
358382
318337
316387
284860
181687
99477
308923
769629
603328
379975
931898
711401
479210
587662
319223
413018
902528
268732
470826
744210
227566
817270
25639
469324
276528
232948
642517
614408
862388
44005
734189
824360
768009
995630
258542
645013
4394
676051
564670
974994
995531
549774
764127
341456
12313
36678
282521
975381
410240
959626
307061
888331
397806
645997
907147
501720
330318
577723
171966
776344
663669
355927
246451
580099
245266
805659
391680
664591
323909
269319
128613
370930
340601
165224
808614
838089
892257
924194
486638
767622
693838
291113
228025
140380
875469
378565
66937
852276
754656
248057
742198
399561
501218
634385
147283
383804
593797
462098
458200
944930
678886
586370
893901
828221
669801
940555
44746
375962
813405
197956
155241
754906
844704
741203
664517
191221
91215
182748
815786
394033
293472
323127
302426
991356
183704
932054
618632
185677
2112
815977
852914
118784
386485
901281
301922
823673
844748
344810
617776
384770
310210
839074
150618
976567
838034
234353
314652
487770
890041
969264
164228
76820
802362
531692
889876
592942
186798
201600
832726
136549
670493
19867
473438
352981
436612
36786
686520
886089
221691
9592
816706
387958
401921
746534
901638
119871
516098
617283
253486
890028
606919
257893
907292
935035
289705
801308
300699
654665
458250
151173
102496
444618
827458
477996
346465
162330
18028
283972
312552
730169
570215
513522
734503
596959
681227
480011
29942
96392
301757
584765
454223
318936
922785
41561
819372
303485
628244
467250
574124
540208
780589
184345
370484
753277
549678
346590
731405
57199
949068
405983
32073
894978
33736
963267
390588
966739
123291
839281
500774
173317
431528
830259
304377
974250
837862
328897
160941
854670
359964
737696
450935
489766
168174
379690
178231
357952
935439
425788
872709
993090
851115
983536
959490
870532
385534
79246
699164
417455
572385
544013
957990
497918
456126
399986
264013
982592
122330
447908
921740
841760
992370
591571
684504
736476
116015
582148
468414
293291
204041
976585
694522
807622
632314
495019
152389
729544
782270
162385
846908
931788
925952
983673
559707
469855
219296
812807
142767
177713
527164
941888
22118
426478
551822
825
266084
159424
197333
216215
63105
147359
741856
912302
776222
882709
663279
823678
802837
534325
557207
896516
58497
54230
653921
665764
956779
640815
901235
778323
930791
200136
248272
483704
87838
465866
725072
158665
730570
468586
45530
271999
544377
593098
944674
116418
194284
950443
761646
886536
346929
733127
744717
608510
73475
377651
456368
539367
24707
327212
482335
477078
699420
347089
375271
197838
326023
614630
93241
166173
965114
791164
66212
549379
211546
756219
19912
760682
608322
627194
533969
99300
644439
884023
32420
437535
359594
447035
209131
35792
687874
675891
288371
112624
564094
506058
172718
943158
766533
936172
951055
314609
890168
83244
523618
615173
123768
637292
79283
480413
57975
764230
49841
935885
19812
542880
14560
272066
327488
544111
454011
586126
767481
950672
594206
520217
213276
396392
542
587437
703824
798867
599827
725916
442010
926624
601287
413465
475424
688051
449995
450436
730727
788517
57679
541180
637483
211492
715731
2244
457478
74158
295072
109870
784272
764796
37093
762217
60084
299204
770498
5374
980179
280343
462033
480287
336873
493054
284461
376081
424681
132818
949637
186715
40629
111814
515607
207312
668849
996621
336481
76356
300387
278663
318722
937185
508515
385583
718274
628808
685736
689492
805116
725362
223239
878277
531763
204486
532999
192831
93815
321662
953090
934779
783257
218700
18596
268557
744074
94729
921560
746302
104272
787030
227466
428169
457035
538295
352636
136274
750089
429538
708089
937175
971587
846738
513062
952596
307105
19437
36553
388982
293455
884851
406995
632720
824909
555061
688111
183536
491217
24709
252221
443155
689249
408095
483320
105888
754564
965666
812783
481851
147981
208535
651998
130267
699326
967623
785535
143825
765396
82986
532430
59624
153963
112500
711995
560055
914191
152968
517183
963741
707467
78228
620941
935072
288339
438617
459464
339785
239531
969394
282095
643335
340472
848987
681541
779627
496872
169858
312383
549981
132164
323049
981588
297433
466809
174589
757386
114229
127202
344359
300569
109110
913286
521569
54997
178812
547158
691176
643651
505305
41636
519320
472359
30165
269934
854089
479970
754385
622602
408202
398662
643658
776135
848936
356212
612339
859282
275030
196030
491083
495959
339435
893061
135929
507123
232449
938833
791522
155859
817350
697041
455174
935306
528302
917965
521969
90237
825226
349287
450762
771850
457749
169301
368986
471700
545283
96353
448447
190972
693333
333710
547871
786411
17250
718270
397857
914033
717036
306228
669769
135245
138744
332553
167809
871183
832279
685847
290142
731639
967886
865564
694327
309976
902504
997440
794394
936125
424211
502618
971253
304068
571391
318750
289866
516486
269763
871911
185031
620196
892647
578003
921223
533765
841977
725389
110707
313993
682967
142040
778848
560887
872563
196867
192736
223445
231831
410313
253360
296380
748307
860177
267521
529327
546730
265946
682811
581633
941892
882983
692925
372919
762873
966861
80691
831669
6818
760422
52878
937426
13859
492794
597471
967277
846776
525628
563210
526028
176521
725960
4172
624006
164111
90959
818847
19135
348358
837475
238499
830931
994562
263310
587034
984406
669281
595870
816655
127872
162667
640410
990651
111803
147132
57230
975206
435776
202336
649275
696296
724308
896218
290068
595396
484177
385859
158399
855411
872858
767347
44056
525277
960447
453636
20108
588899
604610
563538
227178
80805
202837
370020
896564
9965
916883
362800
449921
812958
84641
575882
37740
941845
297717
489918
464975
667173
680853
550586
602780
370562
684746
667839
924007
191565
274462
382563
584129
204889
724063
84252
484196
119504
604239
31478
23765
554672
706942
940265
897225
865447
385358
295396
700312
287661
375151
677059
472524
133624
762439
41533
231647
828534
826487
829455
166299
625529
301256
520338
570424
806612
336307
435809
485426
36502
925604
237674
449000
417656
425940
301603
544205
360333
41508
46138
571276
614701
110115
220819
441691
136746
826759
156108
899965
127152
31848
814006
949296
23101
547611
366701
876601
897365
823657
51194
246711
299703
634173
333899
672428
321806
394397
783355
919556
971015
454810
129880
48017
611999
801625
279593
967577
435494
831639
234266
915679
55303
99140
960210
425776
578554
344945
457304
781103
218331
636970
690403
364068
133970
164923
560988
483605
854195
3132
881455
298275
61774
535477
937609
559130
148640
91638
224187
505598
840870
749553
597864
708425
37298
655807
531573
884471
811409
329471
122129
191188
840857
520620
522478
839450
958317
237821
388761
178995
194911
12462
292886
694901
332923
798436
301878
880538
565787
220807
766427
544624
668691
157525
60048
912071
909185
480080
306441
60789
539676
304093
528089
850887
423979
777777
682150
592461
521758
843887
807499
785424
435088
669356
703944
724706
724975
813512
907312
525562
970309
48372
717433
238201
861992
564873
302788
212013
7631
567929
761602
710707
112337
193866
757987
579318
903824
738684
114480
822670
536822
393855
441655
453664
579098
239676
672118
475388
741070
264011
694516
713651
503174
216045
867756
968951
54612
248439
388319
843875
114278
961458
458662
495866
363309
773295
946589
478296
845432
891281
14246
375375
625677
991319
170323
523927
179454
294565
557636
458283
996394
191932
708742
518620
408894
377321
715827
55871
289819
937957
285488
767207
110949
704066
640587
306993
534463
141922
661540
904450
947600
542615
194563
767329
971063
179288
692061
777239
148654
908092
79727
317180
858746
296547
215090
220017
898259
981813
350766
589371
682709
644563
651780
291479
995066
340327
693939
884049
653556
684955
30550
105398
124154
67951
238954
790108
924315
95346
13603
476880
694760
475522
871841
78799
634270
981807
24779
459008
392837
825532
39798
195905
418921
781144
347816
480211
721088
823400
835231
354042
798459
547867
246866
726286
665416
485354
28135
143379
97999
19970
12850
943302
614934
164957
63907
699667
964818
737110
521127
224203
455043
654634
821579
442165
575035
434989
196556
249582
565121
469254
124284
566896
689429
466409
749777
696194
666228
538097
567870
153464
211922
437558
188279
364987
6352
22385
107214
120294
176746
296484
236507
288451
257627
123946
738778
185951
512787
862345
302765
940584
388804
498063
576973
123915
25236
794680
237017
899677
572590
567055
849692
371384
271198
265530
164276
714501
900945
597742
916662
848945
287367
756136
732027
535189
108784
319168
555933
873095
807513
820422
960672
523197
534585
817195
172145
634955
293777
577276
788463
893886
876876
537600
96206
866846
931333
925647
721307
993135
68092
400994
280686
999068
299707
280611
622110
892836
925693
128985
727655
942339
64539
263662
719733
184681
816905
623091
681709
809028
515119
320533
937429
556864
269674
914377
318576
630655
970870
233521
669246
453308
561392
425016
288613
601196
334957
937436
818194
408536
862180
555017
838712
329621
516782
785162
883787
284465
261204
289588
253498
41104
102327
126861
537807
253718
205518
674175
551210
101126
487841
25813
392682
845173
396705
82421
241512
656690
826441
859041
962788
987828
461455
339262
775344
903732
830687
380722
400296
220762
81142
703449
229228
17051
618290
76629
523245
398197
111125
662922
986434
520618
153715
426612
272651
419025
853290
966393
642342
508031
134960
247103
17714
274513
731078
743464
2933
731817
839688
215333
712434
168609
395608
606073
326094
380444
960069
127450
808175
253891
143217
616639
966881
220762
511438
604810
546008
107864
661277
896991
170062
338560
747916
65900
715743
377131
191524
67009
924665
275260
821998
480794
164237
785233
713502
367602
592624
725712
68426
442868
518801
880375
168505
464518
595668
387732
98819
159685
440837
295543
936891
281951
20684
672197
834543
845858
940133
310070
735972
38718
211493
560494
694224
801341
398922
692938
71820
234942
882041
768979
162080
412709
801254
934951
549201
339941
381951
754931
524084
92698
700092
547680
388236
974237
768894
465327
285857
2793
652910
913264
233455
700085
649873
528210
468377
490191
565920
237132
51254
665201
591698
155429
15283
295824
35234
218724
961294
440925
916567
247997
14312
967009
58052
732363
455008
584861
662630
378844
413724
717113
568637
545395
546849
846220
255278
283516
950767
469419
101090
232715
399998
676078
77847
173255
154555
614022
536808
900293
421586
490327
679348
57302
752298
991041
151884
611606
188375
301778
255417
895938
312640
58741
560886
405240
866415
315415
93298
543648
530054
92412
517039
924590
246194
258483
809065
886023
194251
22228
983399
973149
869916
987113
168232
972055
139526
288228
613406
110030
615012
330205
119189
884497
637726
609768
172752
470955
773131
404813
651193
362566
640524
685836
640102
425487
583007
988368
788571
204711
271619
325640
475463
868821
703552
537504
775466
38345
487820
408404
208092
690418
14839
184810
553340
307254
773020
225214
768364
158883
940039
694902
482492
292506
470185
712875
69103
683843
380754
16402
967001
355161
137545
969718
374350
989435
599879
195231
891524
393273
309272
686395
937296
837948
96858
397056
696164
30568
384421
674083
229214
50042
22021
562988
384161
618871
158431