10
0 0 100
0 1 99
0 2 98
0 3 97
0 4 96
0 5 95
0 6 94
0 7 93
0 8 92
0 9 91
1 0 1
1 1 89
1 2 88
1 3 87
1 4 86
1 5 85
1 6 84.5
1 7 83.5
1 8 82.5
1 9 81.5
2 0 12
2 1 33
2 2 777
2 3 77.5
2 4 76.5
2 5 75.5
2 6 74.5
2 7 73.5
2 8 72.5
2 9 71.5
3 0 9
3 1 14
3 2 44 
3 3 67
3 4 66
3 5 65
3 6 64
3 7 63
3 8 89
3 9 61
4 0 56
4 1 111
4 2 3
4 3 5
4 4 456
4 5 191
4 6 324
4 7 921
4 8 52
4 9 51
5 0 1
5 1 2
5 2 4
5 3 6
5 4 6
5 5 55.5
5 6 54.5
5 7 53.5
5 8 52.5
5 9 51.5
6 0 123
6 1 444
6 2 12
6 3 3
6 4 6
6 5 7
6 6 34
6 7 33
6 8 32
6 9 31
7 0 120
7 1 333
7 2 456
7 3 7
7 4 88
7 5 90
7 6 744
7 7 23
7 8 22
7 9 21
8 0 123
8 1 44
8 2 444
8 3 678
8 4 95
8 5 22
8 6 55
8 7 999
8 8 88
8 9 56
9 0 34
9 1 44
9 2 120
9 3 40
9 4 33
9 5 1000
9 6 10
9 7 111
9 8 234
9 9 101
1000
1234
9999
1200
666
343
1299
1678
6788
2199