80 5 5 80
15 20
21 30
31 40
41 60
61 80
15 20
21 30
31 40
41 60
61 80
17 F
25 M
50 F
70 F
80 F
34 F
50 M
50 F
16 F
16 F
15 M
16 F
25 F
35 F
40 F
51 F
75 F
15 M
21 F
24 F
60 F
80 F
16 M
23 F
26 F
18 F
26 F
51 M
71 F
79 F
35 M
51 F
51 F
15 F
17 F
18 F
17 F
26 F
36 F
41 F
52 F
76 F
16 F
22 F
26 F
61 M
79 F
17 F
24 F
27 M
17 F
25 F
50 F
70 F
80 M
34 F
50 F
50 F
16 F
16 F
15 M
16 F
25 F
35 F
40 F
51 F
75 M
15 F
21 F
24 F
60 F
80 F
16 F
23 F
26 M
18 F
26 F
51 M
71 F
79 F
1
2
3
4
5
6
7
8
9
10
11
12
13
14
15
16
17
18
19
20
21
22
23
24
25
26
27
28
29
30
31
32
33
34
35
36
37
38
39
40
41
42
43
44
45
46
47
48
49
50
51
52
53
54
55
56
57
58
59
60
61
62
63
64
65
66
67
68
69
70
71
72
73
74
75
76
77
78
79
80
81
82
83
84
85
86
87
88
89
90
91
92
93
94
95
96
97
98
99
100
