1000
920312
929096
574717
679768
893921
206937
904866
322784
423517
895344
254074
198451
664881
927118
604373
709537
877585
824703
86632
486610
935658
820152
8518
722393
739312
832857
390964
838349
549811
203452
171636
331180
667855
407009
312606
367791
353264
994708
916513
855516
542794
859587
26144
645269
921218
405247
719956
281720
817050
247761
872533
749104
894834
561461
832897
928809
666382
914997
936922
911604
882754
125366
656141
711233
940865
276718
737771
890291
40089
858119
878004
741096
312204
671661
193678
670652
475394
601213
599143
564402
482819
370502
645332
46762
836368
916575
347225
110592
220364
287740
392323
466282
888769
293178
183057
785898
854940
4505
11465
852707
964503
205992
315405
228932
844158
211410
389142
424240
715123
392995
71466
259092
433908
761499
239655
186906
707122
903556
715635
18342
306226
820815
821745
935094
295678
589759
544208
613560
561473
970882
560491
580833
944316
862290
642341
894776
852513
626418
366044
46360
368980
704358
439616
642638
657483
302350
944683
581033
34763
931827
128793
474775
812513
484554
638087
863609
782374
320012
195844
615696
796576
38499
239479
233894
717484
224443
741766
84580
689190
152975
955155
30293
915879
76409
332820
305389
375038
824111
995011
937978
213538
961590
553170
643273
225138
881219
423082
85385
551445
908508
826915
804899
999291
300844
353824
429071
642104
171109
42966
424814
477739
397758
248982
363856
242351
20176
410948
292964
206525
488122
762995
299773
458676
942200
453908
120360
359902
208634
120348
476903
475739
132507
899327
305014
303380
838624
325785
735733
456664
782054
312063
621845
970414
381978
161693
962881
862229
868303
45581
748530
466495
120780
62452
189873
950873
529995
811610
738856
85882
304150
317787
593611
265954
316568
532389
471440
734667
980204
489617
271716
563404
94692
417983
760800
910637
847532
533212
904920
493780
668997
886389
430612
826919
182384
781530
713452
460600
503253
567818
357118
811407
766519
953549
339564
720147
494970
765892
689956
406035
883262
857493
880858
705998
39061
62585
776630
56636
598127
681930
7633
811492
467049
807501
410203
523251
334809
797872
147326
506944
544438
571660
492107
665745
749673
871058
583766
388170
451384
306689
154078
26829
472025
261755
311530
133502
138189
791243
674861
935760
60789
346644
944333
446009
257674
453309
623781
251095
877732
995952
921917
598626
96995
603956
927025
765108
568926
273058
117737
972877
12832
360304
769255
180266
14200
431872
651694
341238
958941
891163
113062
890937
719481
228891
233699
306690
867586
26536
960591
795188
285418
522751
244822
436565
990729
422978
95518
150706
528605
551830
572307
781158
890735
205020
291466
199370
91141
67528
374460
830355
975846
536071
748208
292966
51327
522132
266292
395129
752688
373865
509896
909204
86257
542706
271684
517341
390259
128345
740280
139826
266069
397756
339581
853607
908343
198369
901167
815993
289222
709839
493837
230808
879069
421511
982887
750021
295076
297163
950151
889416
371908
437883
795823
510745
513530
346637
942959
907676
630228
613503
301434
670170
987450
185200
56337
562667
332935
942317
421161
360260
744704
857447
450223
551907
298335
871797
356255
760605
210805
520241
698242
883015
65791
966931
495569
981812
588587
830541
329318
844080
923825
312916
990139
591244
543121
826258
433967
348150
101824
808220
206742
20131
388951
56952
130947
879998
685459
560645
511783
884087
715936
585886
935225
321331
610324
333652
547539
866362
41327
532597
224422
74320
325379
424192
998095
64036
161145
471898
237572
461861
751346
768733
337612
292784
847043
295078
626385
752516
967875
348015
959227
785486
865425
935480
550461
315902
765699
481536
193358
61825
934679
946441
283091
43958
614775
155364
613788
172130
166622
612301
977133
594960
907491
25948
247458
784679
752786
422324
989346
386021
576764
740195
395778
537965
727973
724555
956092
790419
615234
323386
574219
707874
542087
828381
748859
439054
462156
140529
608435
640055
308307
485455
943192
108643
685829
50653
911067
588822
564347
983723
47746
864071
619819
880341
524227
309109
358181
357471
941633
186298
777985
98588
389803
585082
960350
601234
441372
845496
371262
883712
373016
978010
282471
883457
405742
30895
910686
179838
860775
759911
790720
365128
259977
304919
379512
243526
341042
617927
519458
387884
316157
112172
820456
264636
675415
478964
106849
470834
103235
337247
791226
229997
259502
149906
439815
326048
178799
989870
890911
464834
365518
522494
866646
157612
319845
640396
641847
27471
221006
691253
541332
106759
761290
98373
311373
53257
722879
216956
493999
34543
957190
258747
891019
875700
628621
887360
790491
665146
332606
773637
633221
107904
719227
996578
803924
96
487523
499956
262995
519041
651711
225680
463738
838456
136393
863851
348573
310522
73059
946170
775460
428099
550015
331850
149636
644247
739367
384068
1184
899629
824725
668504
908420
671882
795126
180357
427357
255047
540674
765296
749228
147986
968966
840396
262854
845120
814140
402899
518444
738291
745442
269614
36837
699057
842708
831389
949656
558558
412018
420876
496225
120135
451736
367025
628822
873281
859399
237666
560790
394772
440136
686004
43032
109074
704482
505113
410588
203582
740427
584092
996711
463265
30244
787731
835266
839868
885332
706839
665981
373540
312721
541860
593193
148048
338208
197823
124443
778266
4003
609056
962859
405231
497761
30334
245641
224043
827886
358465
658021
167309
799361
395837
93219
198922
209663
206245
47496
794693
977779
287098
486021
781147
989461
307349
541724
535600
213292
188816
361452
390642
274640
594910
652980
225785
618271
775088
509863
42303
394566
86332
873921
96104
873774
408147
850723
632651
953203
673493
308508
218072
710936
29998
867228
473987
446241
564364
316084
140644
613594
444672
398288
917313
802092
463266
678781
353226
254218
463764
510666
274582
723987
132667
464455
637147
919207
598793
244647
350268
290796
308026
604410
510018
421820
386321
727635
866607
804188
456360
430370
612000
150273
884278
985627
828416
815773
479783
631762
439228
7151
980686
326075
192099
756604
944134
817936
484136
441380
445534
235262
410653
703777
176320
990326
865866
231438
685890
811689
829927
420591
159935
930414
90928
168764
547192
150766
421295
854764
772727
835631
570731
401568
142070
372872
974104
610814
718527
629560
82072
683835
614666
485877
86674
427913
725900
765293
130902
179770
316412
78285
257480
684553
245603
721197
968138
801592
348332
764492
562827
69906
82884
818663
956584
944327
978102
234079
284275
579631
584249
454387
142450
77108
846058
223835
101986
908336
381768
952241
478988
420114
277314
19059
199424
681519
242292
147937
225221
93818
722210
991868
547065
890068
242261
593796
199445
887612
415275
684604
102992
942206
18526
336473
792261
66957
784060
868463
567122
179348
445578
259364
897851
434730
215320
154577
502557
617782
689100
138727
353300
13265
382686
818680
976034
896060
418424
189745
74337
765045
186608
123977
637295
343462
