1000
96
1184
4003
4505
7151
7633
8518
11465
12832
13265
14200
18342
18526
19059
20131
20176
25948
26144
26536
26829
27471
29998
30244
30293
30334
30895
34543
34763
36837
38499
39061
40089
41327
42303
42966
43032
43958
45581
46360
46762
47496
47746
50653
51327
53257
56337
56636
56952
60789
61825
62452
62585
64036
65791
66957
67528
69906
71466
73059
74320
74337
76409
77108
78285
82072
82884
84580
85385
85882
86257
86332
86632
86674
90928
91141
93219
93818
94692
95518
96104
96995
98373
98588
101824
101986
102992
103235
106759
106849
107904
108643
109074
110592
112172
113062
117737
120135
120348
120360
120780
123977
124443
125366
128345
128793
130902
130947
132507
132667
133502
136393
138189
138727
139826
140529
140644
142070
142450
147326
147937
147986
148048
149636
149906
150273
150706
150766
152975
154078
154577
155364
157612
159935
161145
161693
166622
167309
168764
171109
171636
172130
176320
178799
179348
179770
179838
180266
180357
182384
183057
185200
186298
186608
186906
188816
189745
189873
192099
193358
193678
195844
197823
198369
198451
198922
199370
199424
199445
203452
203582
205020
205992
206245
206525
206742
206937
208634
209663
210805
211410
213292
213538
215320
216956
218072
220364
221006
223835
224043
224422
224443
225138
225221
225680
225785
228891
228932
229997
230808
231438
233699
233894
234079
235262
237572
237666
239479
239655
242261
242292
242351
243526
244647
244822
245603
245641
247458
247761
248982
251095
254074
254218
255047
257480
257674
258747
259092
259364
259502
259977
261755
262854
262995
264636
265954
266069
266292
269614
271684
271716
273058
274582
274640
276718
277314
281720
282471
283091
284275
285418
287098
287740
289222
290796
291466
292784
292964
292966
293178
295076
295078
295678
297163
298335
299773
300844
301434
302350
303380
304150
304919
305014
305389
306226
306689
306690
307349
308026
308307
308508
309109
310522
311373
311530
312063
312204
312606
312721
312916
315405
315902
316084
316157
316412
316568
317787
319845
320012
321331
322784
323386
325379
325785
326048
326075
329318
331180
331850
332606
332820
332935
333652
334809
336473
337247
337612
338208
339564
339581
341042
341238
343462
346637
346644
347225
348015
348150
348332
348573
350268
353226
353264
353300
353824
356255
357118
357471
358181
358465
359902
360260
360304
361452
363856
365128
365518
366044
367025
367791
368980
370502
371262
371908
372872
373016
373540
373865
374460
375038
379512
381768
381978
382686
384068
386021
386321
387884
388170
388951
389142
389803
390259
390642
390964
392323
392995
394566
394772
395129
395778
395837
397756
397758
398288
401568
402899
405231
405247
405742
406035
407009
408147
410203
410588
410653
410948
412018
415275
417983
418424
420114
420591
420876
421161
421295
421511
421820
422324
422978
423082
423517
424192
424240
424814
427357
427913
428099
429071
430370
430612
431872
433908
433967
434730
436565
437883
439054
439228
439616
439815
440136
441372
441380
444672
445534
445578
446009
446241
450223
451384
451736
453309
453908
454387
456360
456664
458676
460600
461861
462156
463265
463266
463738
463764
464455
464834
466282
466495
467049
470834
471440
471898
472025
473987
474775
475394
475739
476903
477739
478964
478988
479783
481536
482819
484136
484554
485455
485877
486021
486610
487523
488122
489617
492107
493780
493837
493999
494970
495569
496225
497761
499956
502557
503253
505113
506944
509863
509896
510018
510666
510745
511783
513530
517341
518444
519041
519458
520241
522132
522494
522751
523251
524227
528605
529995
532389
532597
533212
535600
536071
537965
540674
541332
541724
541860
542087
542706
542794
543121
544208
544438
547065
547192
547539
549811
550015
550461
551445
551830
551907
553170
558558
560491
560645
560790
561461
561473
562667
562827
563404
564347
564364
564402
567122
567818
568926
570731
571660
572307
574219
574717
576764
579631
580833
581033
583766
584092
584249
585082
585886
588587
588822
589759
591244
593193
593611
593796
594910
594960
598127
598626
598793
599143
601213
601234
603956
604373
604410
608435
609056
610324
610814
612000
612301
613503
613560
613594
613788
614666
614775
615234
615696
617782
617927
618271
619819
621845
623781
626385
626418
628621
628822
629560
630228
631762
632651
633221
637147
637295
638087
640055
640396
641847
642104
642341
642638
643273
644247
645269
645332
651694
651711
652980
656141
657483
658021
664881
665146
665745
665981
666382
667855
668504
668997
670170
670652
671661
671882
673493
674861
675415
678781
679768
681519
681930
683835
684553
684604
685459
685829
685890
686004
689100
689190
689956
691253
698242
699057
703777
704358
704482
705998
706839
707122
707874
709537
709839
710936
711233
713452
715123
715635
715936
717484
718527
719227
719481
719956
720147
721197
722210
722393
722879
723987
724555
725900
727635
727973
734667
735733
737771
738291
738856
739312
739367
740195
740280
740427
741096
741766
744704
745442
748208
748530
748859
749104
749228
749673
750021
751346
752516
752688
752786
756604
759911
760605
760800
761290
761499
762995
764492
765045
765108
765293
765296
765699
765892
766519
768733
769255
772727
773637
775088
775460
776630
777985
778266
781147
781158
781530
782054
782374
784060
784679
785486
785898
787731
790419
790491
790720
791226
791243
792261
794693
795126
795188
795823
796576
797872
799361
801592
802092
803924
804188
804899
807501
808220
811407
811492
811610
811689
812513
814140
815773
815993
817050
817936
818663
818680
820152
820456
820815
821745
824111
824703
824725
826258
826915
826919
827886
828381
828416
829927
830355
830541
831389
832857
832897
835266
835631
836368
838349
838456
838624
839868
840396
842708
844080
844158
845120
845496
846058
847043
847532
850723
852513
852707
853607
854764
854940
855516
857447
857493
858119
859399
859587
860775
862229
862290
863609
863851
864071
865425
865866
866362
866607
866646
867228
867586
868303
868463
871058
871797
872533
873281
873774
873921
875700
877585
877732
878004
879069
879998
880341
880858
881219
882754
883015
883262
883457
883712
884087
884278
885332
886389
887360
887612
888769
889416
890068
890291
890735
890911
890937
891019
891163
893921
894776
894834
895344
896060
897851
899327
899629
901167
903556
904866
904920
907491
907676
908336
908343
908420
908508
909204
910637
910686
911067
911604
914997
915879
916513
916575
917313
919207
920312
921218
921917
923825
927025
927118
928809
929096
930414
931827
934679
935094
935225
935480
935658
935760
936922
937978
940865
941633
942200
942206
942317
942959
943192
944134
944316
944327
944333
944683
946170
946441
949656
950151
950873
952241
953203
953549
955155
956092
956584
957190
958941
959227
960350
960591
961590
962859
962881
964503
966931
967875
968138
968966
970414
970882
972877
974104
975846
976034
977133
977779
978010
978102
980204
980686
981812
982887
983723
985627
987450
989346
989461
989870
990139
990326
990729
991868
994708
995011
995952
996578
996711
998095
999291
