1000
999291
998095
996711
996578
995952
995011
994708
991868
990729
990326
990139
989870
989461
989346
987450
985627
983723
982887
981812
980686
980204
978102
978010
977779
977133
976034
975846
974104
972877
970882
970414
968966
968138
967875
966931
964503
962881
962859
961590
960591
960350
959227
958941
957190
956584
956092
955155
953549
953203
952241
950873
950151
949656
946441
946170
944683
944333
944327
944316
944134
943192
942959
942317
942206
942200
941633
940865
937978
936922
935760
935658
935480
935225
935094
934679
931827
930414
929096
928809
927118
927025
923825
921917
921218
920312
919207
917313
916575
916513
915879
914997
911604
911067
910686
910637
909204
908508
908420
908343
908336
907676
907491
904920
904866
903556
901167
899629
899327
897851
896060
895344
894834
894776
893921
891163
891019
890937
890911
890735
890291
890068
889416
888769
887612
887360
886389
885332
884278
884087
883712
883457
883262
883015
882754
881219
880858
880341
879998
879069
878004
877732
877585
875700
873921
873774
873281
872533
871797
871058
868463
868303
867586
867228
866646
866607
866362
865866
865425
864071
863851
863609
862290
862229
860775
859587
859399
858119
857493
857447
855516
854940
854764
853607
852707
852513
850723
847532
847043
846058
845496
845120
844158
844080
842708
840396
839868
838624
838456
838349
836368
835631
835266
832897
832857
831389
830541
830355
829927
828416
828381
827886
826919
826915
826258
824725
824703
824111
821745
820815
820456
820152
818680
818663
817936
817050
815993
815773
814140
812513
811689
811610
811492
811407
808220
807501
804899
804188
803924
802092
801592
799361
797872
796576
795823
795188
795126
794693
792261
791243
791226
790720
790491
790419
787731
785898
785486
784679
784060
782374
782054
781530
781158
781147
778266
777985
776630
775460
775088
773637
772727
769255
768733
766519
765892
765699
765296
765293
765108
765045
764492
762995
761499
761290
760800
760605
759911
756604
752786
752688
752516
751346
750021
749673
749228
749104
748859
748530
748208
745442
744704
741766
741096
740427
740280
740195
739367
739312
738856
738291
737771
735733
734667
727973
727635
725900
724555
723987
722879
722393
722210
721197
720147
719956
719481
719227
718527
717484
715936
715635
715123
713452
711233
710936
709839
709537
707874
707122
706839
705998
704482
704358
703777
699057
698242
691253
689956
689190
689100
686004
685890
685829
685459
684604
684553
683835
681930
681519
679768
678781
675415
674861
673493
671882
671661
670652
670170
668997
668504
667855
666382
665981
665745
665146
664881
658021
657483
656141
652980
651711
651694
645332
645269
644247
643273
642638
642341
642104
641847
640396
640055
638087
637295
637147
633221
632651
631762
630228
629560
628822
628621
626418
626385
623781
621845
619819
618271
617927
617782
615696
615234
614775
614666
613788
613594
613560
613503
612301
612000
610814
610324
609056
608435
604410
604373
603956
601234
601213
599143
598793
598626
598127
594960
594910
593796
593611
593193
591244
589759
588822
588587
585886
585082
584249
584092
583766
581033
580833
579631
576764
574717
574219
572307
571660
570731
568926
567818
567122
564402
564364
564347
563404
562827
562667
561473
561461
560790
560645
560491
558558
553170
551907
551830
551445
550461
550015
549811
547539
547192
547065
544438
544208
543121
542794
542706
542087
541860
541724
541332
540674
537965
536071
535600
533212
532597
532389
529995
528605
524227
523251
522751
522494
522132
520241
519458
519041
518444
517341
513530
511783
510745
510666
510018
509896
509863
506944
505113
503253
502557
499956
497761
496225
495569
494970
493999
493837
493780
492107
489617
488122
487523
486610
486021
485877
485455
484554
484136
482819
481536
479783
478988
478964
477739
476903
475739
475394
474775
473987
472025
471898
471440
470834
467049
466495
466282
464834
464455
463764
463738
463266
463265
462156
461861
460600
458676
456664
456360
454387
453908
453309
451736
451384
450223
446241
446009
445578
445534
444672
441380
441372
440136
439815
439616
439228
439054
437883
436565
434730
433967
433908
431872
430612
430370
429071
428099
427913
427357
424814
424240
424192
423517
423082
422978
422324
421820
421511
421295
421161
420876
420591
420114
418424
417983
415275
412018
410948
410653
410588
410203
408147
407009
406035
405742
405247
405231
402899
401568
398288
397758
397756
395837
395778
395129
394772
394566
392995
392323
390964
390642
390259
389803
389142
388951
388170
387884
386321
386021
384068
382686
381978
381768
379512
375038
374460
373865
373540
373016
372872
371908
371262
370502
368980
367791
367025
366044
365518
365128
363856
361452
360304
360260
359902
358465
358181
357471
357118
356255
353824
353300
353264
353226
350268
348573
348332
348150
348015
347225
346644
346637
343462
341238
341042
339581
339564
338208
337612
337247
336473
334809
333652
332935
332820
332606
331850
331180
329318
326075
326048
325785
325379
323386
322784
321331
320012
319845
317787
316568
316412
316157
316084
315902
315405
312916
312721
312606
312204
312063
311530
311373
310522
309109
308508
308307
308026
307349
306690
306689
306226
305389
305014
304919
304150
303380
302350
301434
300844
299773
298335
297163
295678
295078
295076
293178
292966
292964
292784
291466
290796
289222
287740
287098
285418
284275
283091
282471
281720
277314
276718
274640
274582
273058
271716
271684
269614
266292
266069
265954
264636
262995
262854
261755
259977
259502
259364
259092
258747
257674
257480
255047
254218
254074
251095
248982
247761
247458
245641
245603
244822
244647
243526
242351
242292
242261
239655
239479
237666
237572
235262
234079
233894
233699
231438
230808
229997
228932
228891
225785
225680
225221
225138
224443
224422
224043
223835
221006
220364
218072
216956
215320
213538
213292
211410
210805
209663
208634
206937
206742
206525
206245
205992
205020
203582
203452
199445
199424
199370
198922
198451
198369
197823
195844
193678
193358
192099
189873
189745
188816
186906
186608
186298
185200
183057
182384
180357
180266
179838
179770
179348
178799
176320
172130
171636
171109
168764
167309
166622
161693
161145
159935
157612
155364
154577
154078
152975
150766
150706
150273
149906
149636
148048
147986
147937
147326
142450
142070
140644
140529
139826
138727
138189
136393
133502
132667
132507
130947
130902
128793
128345
125366
124443
123977
120780
120360
120348
120135
117737
113062
112172
110592
109074
108643
107904
106849
106759
103235
102992
101986
101824
98588
98373
96995
96104
95518
94692
93818
93219
91141
90928
86674
86632
86332
86257
85882
85385
84580
82884
82072
78285
77108
76409
74337
74320
73059
71466
69906
67528
66957
65791
64036
62585
62452
61825
60789
56952
56636
56337
53257
51327
50653
47746
47496
46762
46360
45581
43958
43032
42966
42303
41327
40089
39061
38499
36837
34763
34543
30895
30334
30293
30244
29998
27471
26829
26536
26144
25948
20176
20131
19059
18526
18342
14200
13265
12832
11465
8518
7633
7151
4505
4003
1184
96